0.0019292952454286194
0.0015284947468163779
0.004045833966581647
0.0027101786940653128
0.006161235356683115
0.004393841342609228
0.0045077826787531805
0.004030287466139093
-0.002428588501390827
0.0025807404673727774
0.0022396388312140303
0.0021691484399122274
0.0031968369280876985
0.007244979932585771
0.0020358683476606743
0.0027101786940653128
0.004811442125118859
0.004393841342609228
0.0045077826787531805
-0.0004536825981560355
-0.000516735670486046
0.0022707237203212216
0.0029665420744562354
0.0010883223071633807
0.003131378983600719
0.006164944324282828
0.0011223599139409401
0.0010784589551393609
0.0010837569482058385
0.0015329502019545416
0.0006371933798376972
0.006741115910147144
0.0036499532772182874
0.000823518893411368
0.0011976786039147314
0.0023257562439482626
0.0015086062368663278
0.0005510989845358694
0.0005705885320894666
0.0012470397576125336
0.0013617847138380768
0.002163275680899801
0.0021844090286160522
0.001012456715288046
0.004923300338854908
0.0017379886064539107
0.0009162310533827878
0.0011589725459781874
0.0030546427964628364
0.0013619918935559028
0.000504460967998277
0.0013026315095920893
0.001330973897406551
0.0012126455740668618
0.0013801043126759893
0.0016697056330894355
0.0005668066916264536
0.007208034991901258
0.003917219235383129
0.0009964158308894966
0.0011087180275648478
0.0029250235656475
0.0015896750720223451
0.0007131502392843103
0.0008831185691837717
-0.00040662677245340006
-0.00040662677245340006
0.0030872561645800545
-0.0007875063733342458
0.00026996027582271154
-0.003940592209095151
-4.459433071701824e-05
0.0018019360003673768
-0.00015691719157384654
-4.615833693044635e-06
-0.0017024346197436202
0.00028262477040907896
0.001303012141651294
0.0008781954643710677
-0.00040662677245340006
0.004582072181080754
0.002622637402005523
0.0012135265567980724
-0.00393341103221978
0.003264470250474716
0.002940503253379134
-0.0001721923348130261
0.0007890763675577617
-0.0015092289157636607
0.00028262477040907896
0.0027231466739108257
0.0023968745867408714
-5.491319621242496e-06
0.006394882392579682
0.007375788865937594
0.00024218489915739383
-0.002730055232313955
0.01908636536600561
0.006314631926529479
0.0040309983183606235
-0.000654193273208481
0.004343919305394017
0.0063452942314023986
0.0003615001179291255
0.0068501929481046275
0.003433953538034551
0.004467355566650788
0.0024096567276643555
0.006783922315034552
0.0037521218447578164
0.02231958855576366
0.01229712741741551
0.006722682208981645
0.005263390620835473
0.006568180940735857
0.002444125000700126
0.0019913624068612634
0.008316530122609578
0.001801392938416413
0.0027562782817680542
0.0021375876863904963
0.001444902550695737
0.0025101413212436086
0.008554559183715504
0.002658086966023099
0.0012685376481247346
0.0019727426209037446
0.003346539401083426
0.0017097539168675624
0.0010356432283531447
0.0013827287312029313
0.002315037277322851
0.001026070739351681
0.001730636750285619
0.0017974243000873358
0.00272506452432264
0.02925251093581771
0.0033482298429587942
0.00078713768978389
0.0027511087621334696
0.004084980031016094
0.002062269034897035
0.0007617454731434492
0.0006532741680276288
0.0017441948547469721
0.0010613646425072787
0.0018912487306455006
0.0012515152249203965
0.0025910183119259855
0.0035807938422616203
0.0009803264103380727
0.0007119505669450632
0.002428497930506701
0.003907618055554174
0.0010667164601185775
0.0007148485287489237
0.0003637723152927208
0.0026770710461754277
0.08394991658360329
0.009717915418816503
0.044197237792076294
0.028518815876177328
0.048712196155098475
0.021373669987823085
0.0015939570653822344
0.02199110141467564
0.026539761964405884
0.037142066969853005
-0.023905138733160136
0.03607878472839943
0.0008251391655944573
0.0016604454293966953
0.0008449421140088731
0.0009615393321116272
-0.00018158754921948628
0.0049046130737862015
0.004293628631724111
0.0009135118406389253
9.324006082778169e-05
0.000674047036297587
0.001147345562846347
0.0004571194475833096
0.0005405251219725571
0.0006749319700460887
0.0011840566514598194
0.0004597273727036111
0.0008925251075098117
0.0012061094446291776
0.005428017902486815
0.0018863614972053355
0.0009017052483351051
5.4332767618348043e-05
0.0011153114813033937
0.0008480039559222163
0.00018453514967209372
0.0004950479798981888
0.0007997106918455898
0.001447904835849556
0.0004488612230346689
0.0009692659967974748
0.0029521656141007213
0.011647118017821256
0.004465892330984822
0.0014335221418138033
0.0016470761877496187
0.0008855834815246766
0.0005934634546234108
0.0002359990274092283
0.00047815861905498025
0.002571122672634374
0.002571122672634374
0.001998001627789847
0.0008109988108628841
0.00132687050740099
0.0028085837626923293
0.009789461557452306
0.0018908504060943798
0.00017487197270238397
0.0023856892327644985
0.0051628816569948555
0.000953268851389133
0.0003184637279218805
0.0006080569816990788
nan
nan
nan
nan
nan
nan
nan
nan
nan
nan
nan
nan
nan
0.0012470474774595175
0.0012478765678114456
0.0024530850555759542
-0.014476849109357204
nan
nan
0.0010714977093373435
0.0016039320409388935
0.0015464377156160225
0.001477252068249335
0.0018662737322205913
0.0017848075985149592
0.001954355443611888
0.0016060500810155531
0.0013901044908726234
0.002266614743540174
0.0018662737322205913
0.0017848075985149592
0.001954355443611888
0.0016060500810155531
0.0013901044908726234
0.002266614743540174
0.0005689950290932444
