-2.8813945004507007
-2.9644742411147393
-26.81510211617478
-27.641860720406335
-23.415407635894947
-25.87510009985846
-27.47868673848594
-22.55116542575252
-28.47547782051715
-26.104569348891808
-29.09631845444472
-25.944331152186106
-26.528760874734427
-34.03144453776847
-26.98403776863856
-27.641860720406335
-23.833603797942754
-25.87510009985846
-27.47868673848594
-25.951972372497906
-28.409384206998215
-25.147210343108778
-29.289484258907542
-25.79148372401662
-26.61374667585468
-34.15804956943399
-1.7452364906338231
-14.822718738494745
-14.730968824968864
-14.524316293976309
-14.334060145932009
-16.14747204969681
-15.896968950363158
-14.574667552517953
-14.0937225247259
-15.012801783346962
-14.848584487143626
-14.10211222106939
-14.562682754918672
-1.7492914854387644
-14.941693361863583
-15.139477714156637
-14.899571679031888
-14.528069009260932
-15.543420008476188
-15.079981774482158
-14.58858580188722
-14.204134748809448
-15.272277365022067
-14.808259130872145
-14.087613312392396
-14.943151869756793
-1.9189207959379049
-16.874362039858575
-16.986478985522982
-16.67216727193828
-16.511069968856514
-18.256701997877567
-18.530239661059685
-16.801965891900398
-15.937674730593619
-17.140795627344282
-17.2561429561896
-16.425682169052465
-16.983605743519366
-2.6219792804691573
-2.6219792804691573
-26.88794137295599
-25.65882624099422
-30.00670010613177
-22.073221281757156
-22.8799403032243
-26.302364497010853
-26.18236807135159
-23.909170033514783
-25.48577957504071
-25.546111958914256
-24.347317583496427
-27.924974593799334
-2.6219792804691573
-26.798341876031486
-27.339089024957097
-29.2842494114292
-21.864311934662872
-24.209461348305425
-25.9428424636069
-25.171385766445177
-24.694984698610856
-24.251111956024516
-25.546111958914256
-24.658473156807137
-29.78341881497906
-2.6975727692408946
-28.20321339088811
-26.255597343375918
-23.86125453594854
-23.4782245323777
-15.901202202939071
-27.194692486705257
-29.572468889650313
-24.452779070259027
-27.334543982953665
-26.661371194783523
-25.912739984858458
-31.325357169633673
-2.610214392745141
-17.983542124441318
-26.76999522779814
-21.482622328952075
-23.420785035457815
-3.726791068198833
-17.593969801823345
-27.774858495493294
-25.221371521386494
-24.952459075850268
-25.529227787060787
-23.602048566055455
-28.306197637699203
-1.7664290857436467
-15.506045658557953
-15.153997616896202
-14.222429768497769
-14.91620559209441
-16.85951296730547
-15.452282550922334
-14.787096474310824
-14.603139634059737
-15.314067690209725
-15.154205367164606
-14.7138128236106
-14.824150133046482
-2.023181225310386
-16.310039518570747
-16.291458465238627
-16.265621236182394
-16.53616280684067
5.808868723161105
-18.965635792429055
-15.300799927658806
-17.742133186926832
-17.90005312835423
-17.797185215827696
-16.943381848705872
-15.879281045618203
-2.1492104819796647
-16.169293241676552
-17.894555513945733
-16.073553132807856
-20.79662615534102
-15.38270386470664
-14.894792675997769
-15.241323448950018
-19.62918796613069
-19.511775078385917
-15.307118685218171
-15.36476756702781
-14.860762534135018
-2.564082265362663
90.13193358796197
-35.99727388996778
-17.858867860942265
16.064329313573918
40.86846808160777
-5.252097275874009
-25.478400405446322
-4.1050133295484414
26.38173670136931
22.31593733039622
-27.994513867406244
32.241267902684
-2.1644066357642995
-20.005512103007405
-23.8964574441126
-19.411671574059145
-19.063150286643292
-19.577659761226563
-21.188046184046794
-19.82801438556425
-18.287439913683457
-19.236571556028373
-19.639964272047855
-18.53590186211644
-19.756016150148845
-2.056785693821037
-18.478311502611486
-19.12248039489128
-17.528371211228844
-24.655544053548184
-19.695537073737498
-25.9932137924029
-19.18714656829954
-16.819834303700635
-18.55435743828009
-18.236821586564158
-21.824279071923378
-18.05076090149268
-2.2482873435697455
-21.579090143015904
-21.11310238257581
-20.36749478515025
-26.60903609881997
-24.72502250296682
-23.946085288376015
-23.18878337385092
-23.80258765852748
-20.692837549363702
-20.929521516935402
-20.8553038494329
-21.269170890423343
-2.5092178840097006
-2.5092178840097006
-18.84865547800307
-16.264074810788408
-17.046670381050273
-23.307699104921063
-23.34003664793159
-17.316845236186328
-16.702634204292462
-22.270758037213685
-24.57814670320883
-17.925015227836106
-16.817028339220997
-15.970350719223017
nan
nan
nan
nan
nan
nan
nan
nan
nan
nan
nan
nan
nan
-2.1819410828133994
-2.192841994987393
-2.944322929674655
-2.954044707472205
nan
nan
-1.8667718077441258
-2.013181087477133
-2.4451232979788617
-2.7390905791549907
-2.7389630688736055
-2.7846873991431402
-2.8085842032636053
-2.840272606055676
-2.874270378435735
-2.9423402236119793
-2.7389630688736055
-2.7846873991431402
-2.8085842032636053
-2.840272606055676
-2.874270378435735
-2.9423402236119793
-2.9513152154283673
