1.2950468587583177
1.2675530867307898
2.431514543783033
1.4408671402339746
3.1666142258396888
1.5354842902383685
1.3499378541036964
2.0451462481427036
0.5881455234438598
2.242450062463896
1.3766617634314444
1.7478201624708418
1.944457699375005
3.3415081755527694
1.4797367675029238
1.4408671402339746
2.0875578740396747
1.5354842902383685
1.3499378541036964
0.9104393969699732
0.9052747622834857
1.7945719377308784
1.36932047638615
1.2233598151755891
1.9155558913046138
2.7940382446165746
1.142696043696228
1.132541580182658
1.1427713547926621
1.1971725160888123
1.0728188505137015
1.4377975229483249
1.3646192274876248
1.1410050061502899
1.1882014841380943
1.303148739287465
1.2453918845164564
1.1017936783850628
1.097724284905342
1.1576456382066433
1.1699222763087058
1.3225242673136197
1.2799130491157198
1.1249462864515773
1.3195895366527017
1.196543495182746
1.1552053182881643
1.214650203481329
1.4127087604482298
1.2352090922224161
1.1021779880896752
1.239738571645419
1.1596199553599331
1.1456489602170026
1.1734585406269995
1.1992764199116135
1.0626132491619429
1.4378300051249728
1.369239380478426
1.162227403675088
1.1634459000473798
1.3500165927276282
1.259353847371122
1.1190041257528553
1.145433269821434
0.9701082501292951
0.9701082501292951
1.2270983995683777
0.9391719580082304
1.0216336158972734
0.7631885179997517
0.9995827662381648
1.1240732610626232
0.9839474072358025
1.000011143126699
0.87386336567696
1.032486830320614
1.1770779355308874
1.0941362248859272
0.9701082501292951
1.338222879369486
1.2064289574159244
1.09819035675034
0.7671088978683481
1.1382400527770409
1.1986579742874717
0.9820945996140215
1.0902868561908092
0.8839945806704218
1.032486830320614
1.3802775367582722
1.259172895815829
1.0004777331960442
1.6112608186477093
1.9256336944512733
1.0206837167152518
0.8156490194941043
2.483442422673484
1.4393629700930113
1.7346924976118832
0.9259381837297898
1.584024443511752
2.177312469703836
1.0509720815566084
2.6181682049897255
1.269070454324207
1.1437412659422639
1.2187161069144843
1.5034113309043275
1.3125439394215654
2.374397580978277
1.5569425157893568
1.7109145149321126
1.6467130017326854
1.5975431370691875
1.2490931018781521
1.2520621375616026
1.6151742061877676
1.1900111719375093
1.2855984377087764
1.2589062900797885
1.1626011262436604
1.2831121706461104
1.4658209224293013
1.2114973511887528
1.1849442676221236
1.2988856884046576
1.3881562999237456
1.2458207511575046
1.1615650203319532
1.1895221039317843
1.2173771637800592
1.1105349137944964
1.2008437340034377
1.1819737897648628
1.2899617386662527
2.640300380312474
1.2585631844273133
1.1375887777726095
1.383922700514371
1.4372457198734552
1.2653968826186313
1.109651086599082
1.1110981660494805
1.2125863800122871
1.151780220457698
1.2745068310882155
1.1745672764396968
1.3363173687054313
1.2799117455657258
1.1197472142267924
1.1331647278628407
1.4282899226739252
1.541204764367469
1.2106964660784771
1.1607435533079735
1.0704729483702482
1.281071462788695
12.611357570046508
nan
8.601171650928292
8.901880732663559
15.441275995056486
2.8112720369896986
1.2194329867405216
45.99054814168497
6.651121476209414
21.344113231739247
0.0
6.055661019710828
1.0834803787820722
1.156078553748792
1.0820494033230117
1.0981598611838261
0.983616372755727
1.279399478603999
1.3461763673160478
1.1200965505519658
1.012941287944251
1.0694269981777904
1.1591287057938624
1.0687404712806472
1.069089807193371
1.077601289711548
1.1502185428173568
1.0534725857861327
1.1057850477178643
1.119709523236042
1.322550171303585
1.1693927934364128
1.133753866644419
1.0087166334799536
1.1291975381341717
1.138072668373904
1.0288731484025353
1.0814302244882465
1.0948211567221848
1.1789727240365406
1.0564703878879296
1.113849487981565
1.2977565399770115
1.7379741836690243
1.3911339324464203
1.1952645377668523
1.24565672275545
1.1039523353713274
1.0927290468151158
1.0380340079477601
1.0759956987747172
1.245167889897051
1.245167889897051
1.291948099105865
1.1232263869835952
1.1836739700098258
1.2715479375393886
1.538636327013719
1.25000299385548
1.0328918990397273
1.3367543949230414
1.598736207091712
1.180868569101505
1.0682733647431486
1.114558152647885
nan
nan
nan
nan
nan
nan
nan
nan
nan
nan
nan
nan
nan
1.1700477033736887
1.1692923370957222
1.3033002243628113
0.0
nan
nan
1.149998021458528
1.3167478669580184
1.2674714858155096
1.2210527578596508
1.3018065826642513
1.2851103687299463
1.3088372016665668
1.2430613727617665
1.195679323263546
1.3279369474550526
1.3018065826642513
1.2851103687299463
1.3088372016665668
1.2430613727617665
1.195679323263546
1.3279369474550526
1.0751767875305474
