-17.880292522510096
-24.1648623750205
-23.044287320386243
-24.503184714990606
-10.700979311947982
-27.325685368362382
-10.226073806522544
-12.450592846580362
-31.67142357599659
-21.089647027979623
-20.139472699337748
-13.135933107787181
-14.790163739296547
-20.38612199704382
-26.677152114699638
-24.503184714990606
-11.789985366978536
-27.325685368362382
-10.226073806522544
-25.008222678872464
-31.78368011296869
-19.694004705802744
-32.05766915038566
-13.226773325612948
-14.721112121326252
-22.672517719925537
-126.09272482765155
-84.65662342894528
-86.56518308735565
-57.139198074688984
-67.20243848119144
-40.74231034001859
-67.65510836607612
-85.8000072273684
-54.04795161715114
-64.56595421797121
-77.2980936226404
-62.70763569772659
-82.84006307261296
-125.30364645063234
-80.02597003183462
-81.90466023069688
-56.642302743974014
-70.27367389040107
-49.93529143252912
-83.54466628643524
-84.61032645313266
-54.27784062868053
-61.888636567513835
-76.12458435124597
-64.43351287483473
-79.78946539986511
-92.83838488536956
-65.88848013537972
-67.56815315781556
-45.97738230783414
-53.84280848516704
-35.25283367141584
-49.437998356278115
-66.72802951339406
-43.60263516520783
-50.75367655438179
-57.218456765680735
-49.43467279225096
-62.62499304649954
-36.7903471947484
-36.7903471947484
-18.395926802818053
-36.45216841974763
-23.715595142953628
-23.311775375646008
-24.48513249303596
-28.362680099598748
-37.350676799277146
-28.48379300875861
-28.616518240045306
-30.733153369212623
-23.488490584649128
-26.424722357322253
-36.7903471947484
-13.671711944740478
-21.94991346452797
-20.956486245426053
-21.695116593426278
-17.51997589497997
-25.064107172156273
-37.554913084828456
-27.871692930770923
-27.241622730033747
-30.733153369212623
-20.466789135145053
-19.837326256245124
-40.68351427715361
-19.18685538264743
-26.514491330218675
-24.477707737753583
-28.831306818659087
-6.136699316281552
-26.25679014517201
-29.241090500129502
-24.70781150899125
-28.74511834269951
-21.83117482156067
-25.38689649404257
-21.345547371987095
-38.7030381875169
-3.0191288719212426
-33.336395826767934
-14.627716518447228
-23.411693981390915
-1.3965356123316106
-11.77468363702977
-26.075580424304917
-22.88706818014048
-25.169871241919473
-30.542582815239545
-26.411101554594413
-11.251154889624432
-114.88531946739292
-77.30273714308865
-79.23278411603184
-53.75188821555246
-60.4783542307695
-31.43100568251504
-76.15120895574809
-83.93466875115635
-54.10598356009683
-61.05112132160069
-73.72731113434952
-58.4415807289687
-77.73242029489299
-78.09008857524243
-74.84445055700088
-68.99668508283256
-43.41436724283757
-51.52716110364542
1.5503686935014243
-68.16945635577483
-79.41709367556743
-38.16452135076471
-45.78671455059088
-58.835635197276126
-46.89409081676634
-78.68569793240958
-69.2088147023585
-68.11155023829633
-60.509952232701735
-46.95778034212802
-37.54445550619232
-51.49410131088238
-88.96213970471398
-78.90743490617739
-32.949768178657514
-41.832648060325305
-74.1216488294985
-54.955380059264506
-78.8909332957905
-45.58732460215517
5.094008011464645
-5.555354944950009
-4.009388586647636
2.3937032648767156
5.123431177635495
-1.2416769946802053
-38.488190633584495
-1.0560882138547028
5.259148937227367
3.8973662279535306
-4.9899122974212755
5.203671349480314
-67.88052058334247
-44.048436356587956
-38.700725538154174
-34.66519046137425
-41.77245975619349
-36.151817735688134
-37.021048047726076
-52.53843114668848
-36.35195185884558
-44.107295181009
-47.60209485884771
-40.85629346762856
-50.2119488407165
-76.92130039566752
-55.218953675053775
-56.2153918576473
-40.92723625023225
-31.78139475671701
-34.490332177846454
-35.699901668868904
-53.437373435053075
-40.552887129028335
-45.27177434586249
-53.956876136402585
-33.57047643504149
-56.479442917018375
-62.66158292631824
-45.01523481103581
-49.197995835644384
-32.888730277688644
-26.176584573380797
-14.18699289121589
-30.133412451670598
-40.83741036908749
-25.631805830386465
-39.28622304788054
-42.60188382568379
-36.08311337926789
-45.24912163681485
-45.57944958133168
-45.57944958133168
-61.98596394402765
-70.32986754896775
-42.695997912348346
-31.466143344557075
-28.62900924158904
-68.05641718065704
-64.20659766094292
-25.584869145466914
-29.249563827050228
-58.44112838173384
-46.86518031734463
-71.64818692628519
nan
nan
nan
nan
nan
nan
nan
nan
nan
nan
nan
nan
nan
-66.74860953226329
-65.71519145267497
-22.28966701187398
-2.9074703623351628
nan
nan
-102.1645884687779
-81.64605732698904
-49.50800266566149
-39.0449237504794
-32.82613608627866
-32.00325218434854
-31.581068652431938
-27.61501059088836
-25.597548582548438
-13.164575807275538
-32.82613608627866
-32.00325218434854
-31.581068652431938
-27.61501059088836
-25.597548582548438
-13.164575807275538
-29.0655825727238
