-11.246388909747258
-12.94197015173909
-12.00310302087061
-11.926049403879468
-8.878044521165263
-12.41174286671688
-8.623450185837498
-9.796668862168627
-12.41494669697617
-11.624983704230159
-11.555741536435228
-9.77893496879675
-10.318286931543412
-11.470038451958352
-12.361699892134487
-11.926049403879468
-9.331737232934662
-12.41174286671688
-8.623450185837498
-12.193605611501326
-12.409352515217375
-11.425041149405963
-12.699531216445047
-9.79505706077193
-10.291353902280095
-11.766284581600495
-6.213538960210043
-6.041026291039129
-6.02213782973337
-6.100250158184245
-5.995861341409831
-7.063721552376061
-6.412716321612323
-6.03147348318987
-6.2161749723545245
-6.279454599927707
-6.178020152270351
-6.141395675265545
-5.87821989413191
-6.233535862520781
-6.045708775445156
-6.2258584709979266
-6.124878327516829
-6.048566484120271
-6.926781653015962
-6.168019058435068
-6.056486953510899
-6.09894717343333
-6.4162337048120515
-6.102683803191763
-6.155504582116078
-5.907813555120791
-7.30665236182358
-6.870645203219797
-6.996290290855035
-6.975727965954641
-6.824139444166234
-8.101070900663544
-7.457228752480961
-7.011497580569458
-7.102490144515352
-7.18021385709763
-7.163523702297975
-7.222630910414333
-6.858061917122899
-11.519927734758381
-11.519927734758381
-10.02316417493813
-10.46034508298535
-11.695414790181767
-10.500300951116635
-10.109571320625212
-10.46657302811271
-10.63096691195873
-10.553778797755179
-10.977616792147126
-10.76097495628081
-10.32998739594083
-10.697481683306732
-11.519927734758381
-9.360574064714193
-10.82265403407889
-11.221214975335032
-10.448108905742492
-9.987417642190618
-10.008676941434995
-10.45003778783344
-11.036725433341351
-9.950074428310138
-10.76097495628081
-10.526012174916945
-10.631774426944672
-12.46727461741121
-10.828002709454323
-11.832396975832319
-10.19073135715682
-10.558809820805681
-6.158712106869127
-10.822969782375905
-11.909648832493165
-11.28933647202963
-12.000358253808537
-11.486773121395457
-11.432274809348062
-11.086299032807895
-11.554414148942003
-3.3585720272066615
-10.646190792446816
-9.805473870995197
-10.238361921184989
-1.991154992276462
-9.233188922937302
-11.507472949884544
-10.125278827772926
-10.642451867007235
-10.42896500577212
-10.183386911452649
-9.066553377540702
-6.290786469617921
-6.34585951609577
-6.174150897216138
-6.212904671370566
-6.362662726058028
-7.142809393696505
-6.311101256934413
-6.071511567135337
-6.187037142141328
-6.5226486729934
-6.266712049216214
-6.412305082831656
-6.0486582856321665
-7.947010843062298
-6.734473495256324
-6.738320901495637
-7.048278853131362
-7.1765353722369225
2.272723610561097
-8.00157446759539
-6.302497503901794
-7.541794318873789
-7.6584481684780625
-7.353146619756103
-7.445002659384251
-6.17532606359762
-8.824566056285743
-6.52422888693743
-7.370599810991928
-6.866492988529953
-8.54955690784716
-6.8575552461787
-6.112287226293731
-6.196266416084147
-8.621765242183686
-8.246253353744608
-6.376652053575007
-6.7275642545086045
-5.985467619399407
-11.578017304084744
22.386149727839783
-5.5544999507249715
-4.218861628069269
4.802844759541998
64.56699406814474
-2.3201223403038362
-10.411648115047065
-1.6307101493171987
18.443131637723432
11.860405671703639
-4.987899028625053
101.64212233997466
-8.942481694854042
-8.075713868039548
-9.795007344443091
-8.203420352557233
-8.06220665800528
-8.88413945755833
-8.3508857233596
-8.080671031613026
-8.135652900017986
-8.118444138544563
-8.261329340466283
-8.180763293003757
-7.991952014593931
-8.212963019240988
-7.532594063064787
-7.8486227395694455
-7.481417118108233
-10.416022687982302
-8.860067613664175
-10.69388053705607
-7.939747804815968
-7.459228521160933
-7.791074454050934
-7.6285344413522775
-9.711964153002784
-7.440844318241261
-9.491829370381263
-8.889617981267492
-8.66044491490267
-8.610301327934621
-11.143762417205355
-9.553242284131212
-9.407422873176968
-9.506549068966043
-10.746373622327122
-8.791372518228055
-8.800268789490909
-9.294932683541914
-8.805230510713685
-11.141407295137821
-11.141407295137821
-7.78292509528799
-6.666697761746932
-7.271353890952679
-10.120336953016288
-10.750250393206668
-7.1281392338198195
-6.80461856320382
-9.724434170144807
-10.203841666661377
-7.519275785178352
-7.384882424966526
-6.497762276240695
nan
nan
nan
nan
nan
nan
nan
nan
nan
nan
nan
nan
nan
-9.029062305350113
-9.098593262621154
-12.923558210065075
-2.875276402242359
nan
nan
-6.987923200207
-7.913153490984738
-10.669585249197175
-12.598045875580238
-12.339593745895156
-12.650933566251217
-12.785877311005324
-12.639883162512046
-12.732812925644534
-10.111766924787132
-12.339593745895156
-12.650933566251217
-12.785877311005324
-12.639883162512046
-12.732812925644534
-10.111766924787132
-13.516513705484035
