dataspan = 30.000 (!)

___   CCI-chwin: 2   ___

chval-th: 5
-10.623714212591226
-17.927690704686714
-17.927690704686714
-17.927690704686714
-15.266785664386413
-15.266785664386413
-15.266785664386413
-17.82004711091053
-14.401453324926896
-12.617346274367396
chval-th: 10
-13.04334941867797
-16.866797261009964
-16.866797261009964
-16.866797261009964
-15.045589214797886
-15.045589214797886
-15.045589214797886
-19.91951322451515
-15.51408043894882
-11.443649163548239
chval-th: 17
-10.218460116822115
-17.339152541994068
-17.339152541994068
-17.339152541994068
-15.800553781824679
-15.800553781824679
-15.800553781824679
-17.59102322352493
-15.138807231947697
-6.8320090648707374
chval-th: 25
-7.894332167896168
-14.657365498295508
-14.657365498295508
-14.657365498295508
-14.355373999256715
-14.355373999256715
-14.355373999256715
-20.58582497149469
-18.29300607465191
-16.240387779864612
chval-th: 33
-6.147725474032718
-9.055702546080365
-9.055702546080365
-9.055702546080365
-14.927220091503287
-14.927220091503287
-14.927220091503287
-26.749478470890917
-22.268347046257375
-21.64981297254236
chval-th: 40
-10.496680408874857
-6.320827739545436
-6.320827739545436
-6.320827739545436
-10.760149534950092
-10.760149534950092
-10.760149534950092
-22.58341930021761
-29.153894533049122
-27.28736114269886
chval-th: 45
-10.71242868742916
-13.027610825723109
-13.027610825723109
-13.027610825723109
-17.788229688384714
-17.788229688384714
-17.788229688384714
-24.6188392474804
-26.194127913534
-29.20612622189413
chval-th: 50
-15.460651892346593
-17.540305615955212
-17.540305615955212
-17.540305615955212
-24.004024835969318
-24.004024835969318
-24.004024835969318
-27.071866436524495
-27.116359365001532
-26.55421446107554

___   CCI-chwin: 3   ___

chval-th: 5
-12.307926723139865
-19.360179715174407
-19.360179715174407
-19.360179715174407
-17.29787675312567
-17.29787675312567
-17.29787675312567
-19.387903343275042
-19.159776119850346
-20.625007712322777
chval-th: 10
-11.593621518906062
-18.08872578613971
-18.08872578613971
-18.08872578613971
-13.949354742134643
-13.949354742134643
-13.949354742134643
-21.21628698196563
-18.236542481907527
-20.439798559120845
chval-th: 17
-11.03609178120159
-17.103960695579435
-17.103960695579435
-17.103960695579435
-15.71245536064244
-15.71245536064244
-15.71245536064244
-22.34353511792861
-19.233584372269828
-18.294055353918658
chval-th: 25
-10.83211936248992
-15.065141886180568
-15.065141886180568
-15.065141886180568
-16.72769764944907
-16.72769764944907
-16.72769764944907
-18.503213715430352
-19.28655534925588
-17.96631715761034
chval-th: 33
-8.001673063037389
-13.113541849671194
-13.113541849671194
-13.113541849671194
-17.41701484718267
-17.41701484718267
-17.41701484718267
-22.290546468146122
-19.54831307015249
-18.567765727837383
chval-th: 40
-10.52882869908594
-12.367663506046625
-12.367663506046625
-12.367663506046625
-18.07900552012526
-18.07900552012526
-18.07900552012526
-24.01334646796419
-22.906736300558357
-19.571815543835122
chval-th: 45
-11.565494495744494
-12.677347910120671
-12.677347910120671
-12.677347910120671
-19.080606504770316
-19.080606504770316
-19.080606504770316
-22.283009934637242
-23.629086997319853
-20.074070590113788
chval-th: 50
-10.57018932273498
-13.792070365727355
-13.792070365727355
-13.792070365727355
-22.629968284149076
-22.629968284149076
-22.629968284149076
-23.318776941281484
-21.403600071599417
-20.311251387665376

___   CCI-chwin: 4   ___

chval-th: 5
-15.115938356096118
-14.014204604838678
-14.014204604838678
-14.014204604838678
-19.809472709706842
-19.809472709706842
-19.809472709706842
-18.7783941285667
-24.505237322225938
-19.443127858323994
chval-th: 10
-15.117883302943852
-14.208874375047255
-14.208874375047255
-14.208874375047255
-19.008794769266245
-19.008794769266245
-19.008794769266245
-18.593936657009905
-23.122048450515997
-19.134846462631845
chval-th: 17
-15.659381802258238
-14.605488866366056
-14.605488866366056
-14.605488866366056
-18.750284371511235
-18.750284371511235
-18.750284371511235
-18.4917615490843
-23.329662396795122
-20.146835624932365
chval-th: 25
-16.01985456228464
-13.218177327756033
-13.218177327756033
-13.218177327756033
-17.81735242483435
-17.81735242483435
-17.81735242483435
-18.849571649525924
-21.982531528037676
-21.260633886403046
chval-th: 33
-16.001142407131223
-14.178423048009435
-14.178423048009435
-14.178423048009435
-17.4781280071554
-17.4781280071554
-17.4781280071554
-19.596358706711392
-21.42571423037918
-19.117137383707707
chval-th: 40
-14.788805196836991
-14.376057338665108
-14.376057338665108
-14.376057338665108
-17.67261783564158
-17.67261783564158
-17.67261783564158
-18.225352662614306
-21.80131035703649
-20.102723424965113
chval-th: 45
-15.2246428996263
-14.319304461990232
-14.319304461990232
-14.319304461990232
-17.097402636470544
-17.097402636470544
-17.097402636470544
-18.42477004010689
-22.036640312398855
-20.256861349581065
chval-th: 50
-13.818461115888578
-15.997384331777743
-15.997384331777743
-15.997384331777743
-17.954287344405017
-17.954287344405017
-17.954287344405017
-16.717804510957425
-22.784918401260207
-19.28147173327776

___   CCI-chwin: 5   ___

chval-th: 5
-20.244004580927786
-19.78046809669455
-19.78046809669455
-19.78046809669455
-19.232610966685566
-19.232610966685566
-19.232610966685566
-21.253249303524413
-21.090592671799406
-21.081213990471518
chval-th: 10
-20.829460567978384
-19.888878126089974
-19.888878126089974
-19.888878126089974
-19.828923542114122
-19.828923542114122
-19.828923542114122
-21.2405814846669
-20.59274822852854
-20.64679038389288
chval-th: 17
-21.918174552318607
-20.502598732356695
-20.502598732356695
-20.502598732356695
-20.217714884155
-20.217714884155
-20.217714884155
-21.779296832873086
-20.987524244061703
-20.5112643847401
chval-th: 25
-21.611330875247983
-20.75456260742561
-20.75456260742561
-20.75456260742561
-19.672585492086643
-19.672585492086643
-19.672585492086643
-20.79842944975384
-20.720098982092132
-21.87792887739987
chval-th: 33
-22.9146423917365
-21.045360759812436
-21.045360759812436
-21.045360759812436
-18.21856107299709
-18.21856107299709
-18.21856107299709
-20.27010988474978
-21.075890486265664
-22.307442151282697
chval-th: 40
-22.378025956827244
-20.7987158214465
-20.7987158214465
-20.7987158214465
-17.144398312023256
-17.144398312023256
-17.144398312023256
-21.029169959149613
-22.384532382738257
-23.065063032492574
chval-th: 45
-21.729229178529064
-20.194706426462055
-20.194706426462055
-20.194706426462055
-18.821756091349165
-18.821756091349165
-18.821756091349165
-20.437427489268376
-22.136950781338427
-22.99659417694004
chval-th: 50
-22.450047610965342
-21.65347998127114
-21.65347998127114
-21.65347998127114
-18.887812621406614
-18.887812621406614
-18.887812621406614
-20.6103256482924
-21.356729933115997
-22.737567194634387
-----------------------------------
