dataspan: 30.000,   combo_chwin: 2,   minTSLdist: 12


chval_th: 2
-46.512837788252966
-31.36887474842194
-24.67837642125395
-23.153900278316172
-20.567954472239588
-20.36100592530285
-17.53880320715271
-60.33379900804628
-55.781076376557884
-46.259023986260374

-38.23490452952336
-33.64413513102247
-33.4317661350951
-50.453379190757246
-66.82870864742613
-60.490448964453854
-51.61953931424735
-47.184899096303404
-42.44119876806095
-51.78250412140868

-62.44579785536167
-59.68583582995111
71.82797558615255      Trades: 15/30.000  [7,6,2]
-63.00261982498176
-50.28432353734476
159.07275225806515     Trades: 4/30.000    [8,7,2]
-23.086010729640318
nan
-57.9509187163403
-37.63324327629895

-28.24377643816649
-24.652352263119212
-21.406787335150348
-22.553315049891033
-53.2394289004746
-51.49945218411968
-44.7102329343965
-43.44770598957992
-37.144875858338935
-70.85959587766204

-54.307555248137774
-52.641514096023926
-52.66878703702256
-27.228865912804487
-43.04911752694184
-48.58177027918739
-38.65902786201326
-28.014094201474087
33.35864586693895     Trades: 10/30.000   [9,8,3]
-56.9561764684096

-48.68297481041991
-40.59068492178506
-38.66687293959432
-31.447752679291806
-52.463444632707834
-54.659042971282254
-50.51057659493187
-43.11245221211554
-46.23195128268728
-44.82662644373881

-51.18892993979422
-55.07610221223377
-38.22701805293078
-85.60794545237611
-53.438197028569974
-52.03007495360094
-45.608958661156485
-40.74317557481744
-24.552409854074682
-47.86627401200576

-50.776983968804615
-61.98065376123961
-51.290845651441465
-54.737203039305655
-25.951194377786294
-45.301202951636405
-46.76341078053058
-54.89449495717352
-49.144155766389716
-51.578527385331

-51.33300617176643
-49.48817677035567
-40.893626575498715
-49.09781080821817


chval_th: 3
-50.86525076563117
-41.831952971542684
-42.20333732950628
-33.94058324204464
-29.821223142348398
-24.90292100365161
-25.308430192312404
-56.07094166520626
-63.2310909220154
-63.0382455215074

-59.01562579099303
-52.14819909938646
-50.16677838043527
-3.2706461665277375
-58.304594680338994
-58.24797530157676
-64.88373328093563
-70.16478196360707
96.49665450673469   Trades: 8/30.000
-44.87203987195807

-53.997606472939765
-52.01379307413273
159.07275225806515  Trades: 4/30.000
-13.18606282553423
-52.09841253065284
nan
-2.157371869307398
nan
-49.27744237993184
-56.609681616603744

-46.19834446504299
-39.809814338506435
-34.80745781015122
-35.556038766290456
-64.43587543777433
-57.79233778547669
-50.24760181047506
-52.66105867389416
-52.8329501596911
-38.335825775264034

-52.49116980012164
-60.21930975413793
-56.47052324943346
0.5898354370258811    Trades: 13/30.000
-50.54295755647169
-36.55885384824463
159.07275225806515   Trades: 4/30.000
-63.70662908432232
nan
-51.34727351956853

-51.854083565587864
-53.03143319175476
-48.05220065826831
-47.35024072665926
-53.39415021683235
-56.146353784141496
-53.16978332273439
-55.25405851438999
-58.44643679683669
-39.51083254552086

-47.62158429148658
33.35864586693895
-52.0219605886419
159.07275225806515
-53.82163875631364
-50.633921896734265
-53.14994341299877
-51.62338703138874
-55.3550072947718
-40.1082015393873

-43.891719633197845
-52.219549148639295
-54.44982009830802
81.78696663356038
-54.144892670126694
-46.27798619900557
-51.50355055077601
-91.63380037572828
-43.10200799563038
-8.83931666136791

-66.05579261296009
-45.81154413993983
-26.043230457155598
-83.45368339197056


chval_th: 4
-55.296004542085626
-54.0541284018831
-45.971775859897676
-46.43472668300267
-39.862929064403694
-39.281120209388156
-37.73540571618185
-3.997558369723501
-58.68035947564237
-62.15293755583987

-66.63994726780163
-59.69132108945408
-55.6098727222157
4.628914024742013
-36.19644578558497
-64.34564435173553
-62.230312509830284
-65.27854874858438
159.07275225806515
-27.392695109558886

-45.76691189003436
-73.6194840060431
nan
182.39285511900297
-22.39980126744279
nan
159.07275225806515
nan
-53.456957823110656
-62.073477351641934

-53.59761185000131
-46.66749653002613
-43.626426244445575
-43.1243846602956
-27.229509062121533
-52.22623112513718
-60.807475569894024
-57.28077735119792
-52.22751193671482
21.082118950548853

-67.58546396976953
-41.994292765317276
-52.89724671308834
159.07275225806515
-33.92930085157563
-47.55973793533464
nan
-26.039430291930092
nan
-74.86810926829722

-65.87299623598749
-53.20039552638125
-51.23216224824279
-55.00782282800694
-32.293103131161764
-46.36696400125507
-47.44571763258451
-45.56473914730499
20.33276212644838
-57.145977966127695

-33.71514897569008
159.07275225806515
-75.33158619621408
nan
-41.72629472075278
-40.00102080366864
-48.03867222686706
-49.15724556719545
-55.91009026994521
-48.22659984822461

-31.97620072549981
108.2294294298813
-46.10763164614682
68.61042852803797
-63.3844574729885
-44.20608734313066
-46.48074536721032
81.78696663356038
-43.91847311064159
105.53371987567131

20.33276212644838
-35.918992125269604
159.07275225806515
159.07275225806515


chval_th: 5
-62.559914778880206
-56.66506559780391
-56.54447192519946
-52.91853107322546
-49.25776864632497
-51.90779494323761
-51.8937079629314
29.46365845929009
-56.34704886734577
-57.43139401621537

-53.57866257574531
-62.52022624614926
-64.24262224645713
8.473872371542944
-19.985744487457467
-68.92634213769337
-69.24879018730307
-56.605021684730275
nan
59.99218822637147

14.792890892369295
-9.86674748531972
nan
159.07275225806515
55.00926829952204
nan
nan
nan
-41.654539223246694
-47.64616458204021

-62.75605512502663
-56.13995629988121
-49.14007653237891
-47.61359278563482
-50.768335397398765
-66.6076261405988
-54.43028359628984
-60.78975398857403
-61.541787067185325
159.07275225806515

-33.13849227145322
-59.72167127124982
-41.781307000060536
nan
-17.017760287017886
-50.24446545880652
nan
108.2294294298813
nan
-46.476048637605444

-56.222732800697
-66.66093910325493
-55.96510265203302
-53.15100091897897
33.35864586693895
-49.00181231333766
-37.82825456391813
-44.871595684723516
159.07275225806515
-52.742858273877516

-52.906299297415615
nan
-45.515779616704364
nan
-62.27898998189541
-45.276980062354404
-42.0130474205074
-46.1348623119259
108.2294294298813
-61.095056171417426

-43.511870724197294
nan
-91.63380037572828
nan
43.58729380490655
-64.18404802769203
-35.99892797570588
159.07275225806515
-59.310204430313796
nan

159.07275225806515
-46.84556178968392
nan
nan
-----------------------------------
Optimization Loop ID:  "B"
17.057224027495465
-15.06521920200407
nan
nan
-----------------------------------

Optimization Loop ID:  "C"

used params:
triggerpowers = [2,2,2,2,2,2,2,
                 3,3,3,3,3,3,3,
                 4,4,4,4,4,4,4]

macd_weightings = [[1,1,1], [2,1,1], [1,2,1],[1,1,2],[2,2,1],[2,1,2],[1,2,2],
                   [1,1,1], [2,1,1], [1,2,1],[1,1,2],[2,2,1],[2,1,2],[1,2,2],
                   [1,1,1], [2,1,1], [1,2,1],[1,1,2],[2,2,1],[2,1,2],[1,2,2]]


-15.585937766306902

-3.4098608510542014
-3.943874935370412
40.49169045168731   Trades: 19.662/40.000x3, weights: [1,1,2]   params: [10,3,3]


18.642814723122594
39.77111563407281
37.81581254590801



-16.8842119967433

-29.092610459732853
-10.805490030557543
2.781124085533868   Trades: 5307/40.000x3, weights: [1,1,2]   params: [5,3,3]

-2.3116390991002707
0.814801596825502
0.5361801587415949



nan

-29.756773151505573
-23.214679272415164
-26.877081650064255

-19.6860062958437
-10.787048939049916
-4.86241242728128    Trades: 4591/40.000x3, weights: [1,2,2]   params: [8,3,2]
-----------------------------------
