dataspan: 50.000 (!)
CCI-chval-th = 60-120 each block.


CCI-win/th-dist: 7/149

cvth 60-69
4.034805187095465
2.201075657996101
1.6257159868053077
1.6480485549380477
-2.0931191451309012
-1.5461314596361104
0.6878230346252776
1.6124726663366253
2.103073942209676
-0.1670971150769338
cvth 70-79
0.5384754941680363
-0.21175872241411664
-0.419764776167983
-1.0976272314916415
-1.9589911525626333
-1.303436192085833
-2.4278620684366152
-2.347359293958345
-2.495752128373138
-2.5164829223611065
cvth 80-89
-2.253799545121426
-0.4112324472496791
-1.0753001267322246
-3.6734931810261076
-8.763875597375643
-7.1923067031226715
-6.345187571479273
-8.327243008000593
-9.23272047550085
-8.881011648277358
cvth 90-99
-9.348686675894577
-9.792097846980965
-10.715426804451383
-10.513033199795238
-11.779517013606588
-12.000255471030652
-10.823910818296895
-12.390760975767334
-14.507713884859083
-13.954951814479031
cvth 100-109
-14.120821041617173
-14.646393613523152
-11.440674682695455
-12.01278509190158
-11.372461196556545
-12.266665262274973
-16.016688123074665
-15.91952596309812
-14.342988936957335
-17.44069008668372
cvth 110-120
-19.472640569499436
-18.897182137325352
-18.35551442129549
-20.655132649935823
-21.63344910650336
-21.25537824893516     t: 5908
-22.246697806121205
-24.432322560199566
-26.022700254567244
-26.450164208431953
-27.78489617765117     t: 5334


CCI-win/th-dist: 8/150

cvth 60-69
4.960248714478326
4.215387625233249
5.02489560898972
4.726696102973655
5.946052737741425
4.312386335110029
3.8159662516888684
-0.051134773096444874
-0.7862778461971422
-0.8553580523565207
cvth 70-79
-0.01389898766023645
-2.3199686135628284
-3.1594503515710417
-3.853404079923385
-3.5954932101655683
-2.657030331312166
-6.383716777870861
-6.575680425312422
-7.445716281162902
-8.641746754382417
cvth 80-89
-8.618882958397958
-9.349733865507158
-10.766826007782448
-10.691274543377482
-10.301289545227952
-12.218827066703893
-13.061790893528501
-15.490920020851531
-13.372094625104388
-13.98511723475729
cvth 90-99
-14.067257662609004
-14.290630564985607
-15.391745482461726
-14.49029904444035
-15.70123985982259
-15.944856674426022
-15.341169052162133
-16.8568992803835
-15.284139953641796
-13.966906843017469
cvth 100-109
-14.360942991970575
-12.315050322750931
-15.979799614081049
-14.977525710775975
-13.398795055765715
-13.426602296458444
-14.167700982468864
-14.82459335446283
-16.019282580114425
-17.06401838585222     t: 5878
cvth 110-120
-19.131114645408175    t: 5765
-19.326738363346372
-23.45990934918805
-23.342765998560946
-24.55378465382203
-24.33232576460839
-24.34685276676907     t: 5089
-27.259795232130866
-28.457321590453148
-27.38726151154228
-28.3954876452079      t: 4672


CCI-win/th-dist: 10/159

cvth 60-69
-2.386815310165066
-4.394565497884747
-3.5717289418942597
-7.151359059682493
-10.255534695206261
-9.020803241108933
-9.293199012838757
-9.09054560187788
-7.134841634189861
-8.502653606288739
cvth 70-79
-10.416456591761616
-10.686696149321794
-10.210735207194478
-10.723098317996461
-11.736527217810117
-13.716573997571736
-15.19708413862419
-14.198996966993516
-14.616843480780432
-15.34905762268279
cvth 80-89
-15.051246497355052
-15.64749109539564
-16.187929406578153
-15.82575197222424
-13.248122487503549
-14.280808271940037
-15.367275678772932
-17.24515833089737
-17.298236623849345
-17.899473091999614
cvth 90-99
-18.71195424429596
-18.994583113298038
-17.416062348491327
-16.346831934985453
-17.45720770541783
-18.81163947275397
-19.833699878302472
-18.52335660212188
-18.56428869876391
-18.15017519477858     t: 5875
cvth 100-109
-16.09943600367221     t: 5727     CHOOSEN
-18.649827438333524
-18.599340109300734
-20.462479697444014
-19.9666895798687
-20.39226103266874     t: 5082     WOULD ALSO BE A GOOD CHOICE!
-25.477860735818332
-24.643061543921675
-25.737026147037376
-26.625732349572765    t: 4627
cvth 110-120
-27.00257988764635     t: 4542
-26.221558933640353
-27.84512130428734
-29.002624810077847
-25.338068650638
-22.881974736923574    t: 4066
-25.946894955395248
-23.82673808385933
-23.045734733776122
-22.627085653018675
-22.816427137311564    t: 3631     WOULD ALSO BE A GOOD CHOICE!


CCI-win/th-dist: 12/160

cvth 60-69
1.223133662058892
-1.0945865953077414
-4.043326490444112
-4.239680957216738
-3.846566699496253
-4.04075735673632
-7.045679527430709
-7.75765161336607
-6.008265441254059
-5.205851462336643
cvth 70-79
-5.140638601011245
-4.928766503772151
-6.529038348143251
-7.940045496313175
-7.9640007139741815
-10.1369056620141
-10.618333525086891
-10.81677949951204
-12.575722864165623
-12.851902004808034
cvth 80-89
-15.433634914354762
-13.852734061798643
-16.933123881160817
-17.377632260978178
-18.38847330995997
-19.263570400818956
-19.822435561154556
-25.539207644352217
-25.184034933641247
-24.680163199294697
cvth 90-99
-25.085069589375674     t: 5973
-25.616941956972802
-24.13752229387494
-24.731133129689265
-26.592678794599692     t: 5425
-25.3961733977804
-25.620882642190224
-26.461838340605        t: 5054
-25.827341561759894
-27.561488549596962     t: 4823
cvth 100-109
-27.821179813477762     t: 4704
-27.389324462656226
-27.133489155988435
-27.411856156354922
-29.89886101800753      t: 4287
-28.168128121382214
-27.575273645248174
-28.322557594872805
-29.661735364515167
-31.08302309876042      t: 3798
cvth 110-120
-30.52078016715035      t: 3711
-31.897471759052852
-31.403288903790507
-29.84211541334624
-31.387587964659314
-34.61758162388722      t: 3318
-34.83229532657924
-36.011745800093394
-36.19952431689882      t: 3076
-34.765792378140326
-33.97259898541132      t: 2931
-----------------------------------
