0.0035459264827901295
0.006894852540813367
0.004925332343621053
-0.0023510848402081225
0.0006688855593821511
0.0025287251747717716
0.002118497937395639
0.004811685031214824
-0.0027507398157049275
-0.0026288141559674544
-0.0022918598427744672
-0.0027507398157049275
-0.002251942832742229
-0.0036267288770459034
-0.0027507398157049275
-0.0026288141559674544
-0.0026288141559674544
-0.0026288141559674544
-0.002672809889470013
-0.0027507398157049275
-0.002251942832742229
-0.0027507398157049275
-0.0027507398157049275
-0.0026288141559674544
-0.0022918598427744672
-0.0026288141559674544
-0.0024674341562504723
-0.0022918598427744672
-0.0027507398157049275
-0.0026288141559674544
-0.0027507398157049275
-0.0026288141559674544
-0.0027507398157049275
-0.002452257231693501
-0.002659092152509188
-0.0026288141559674544
-0.0026288141559674544
-0.0026288141559674544
-0.0026288141559674544
-0.0027507398157049275
-0.0026288141559674544
-0.002251942832742229
-0.0026288141559674544
-0.0027507398157049275
-0.0026288141559674544
-0.002659092152509188
-0.0026288141559674544
-0.0027507398157049275
-0.0027507398157049275
-0.0022918598427744672
-0.0026288141559674544
-0.0026288141559674544
-0.002251942832742229
-0.0026288141559674544
-0.002672809889470013
-0.0022918598427744672
-0.0022918598427744672
-0.0026288141559674544
-0.002251942832742229
-0.0026288141559674544
-0.0026288141559674544
-0.0026288141559674544
-0.0027507398157049275
-0.0026288141559674544
-0.0027507398157049275
-0.0024265611108067
-0.0027507398157049275
-0.0026288141559674544
-0.0026288141559674544
-0.0022918598427744672
-0.0026288141559674544
-0.0026288141559674544
-0.002251942832742229
-0.0026288141559674544
-0.0022918598427744672
-0.002681320124237432
-0.0026288141559674544
-0.002659092152509188
-0.0026288141559674544
-0.0026288141559674544
-0.0027507398157049275
-0.002531441425872622
-0.0027507398157049275
-0.0027507398157049275
-0.002251942832742229
-0.002251942832742229
-0.0026288141559674544
-0.0024674341562504723
-0.0027034185254870067
-0.002251942832742229
-0.002251942832742229
-0.0026288141559674544
-0.0027507398157049275
-0.0026288141559674544
-0.0027507398157049275
-0.002251942832742229
-0.0027507398157049275
-0.0026288141559674544
-0.002251942832742229
-0.0026288141559674544
-0.0026288141559674544
-0.0026288141559674544
-0.0027507398157049275
-0.0025505038538205013
-0.0022918598427744672
-0.0026288141559674544
-0.0026288141559674544
-0.0026288141559674544
-0.0026288141559674544
-0.0026288141559674544
-0.002752482090499909
-0.0025026003902400137
-0.0026288141559674544
-0.0024674341562504723
-0.0027507398157049275
-0.0026288141559674544
-0.002531441425872622
-0.0026288141559674544
-0.0028563150451361478
-0.002251942832742229
-0.0026288141559674544
-0.0026288141559674544
-0.0024674341562504723
-0.0026288141559674544
-0.0026288141559674544
-0.0026288141559674544
-0.0027507398157049275
-0.002681320124237432
-0.0027507398157049275
-0.002901153928057108
-0.0026288141559674544
-0.0026288141559674544
-0.002251942832742229
-0.002545040562690072
-0.0026288141559674544
-0.0027507398157049275
-0.0027507398157049275
-0.0027507398157049275
-0.0022918598427744672
-0.0027507398157049275
-0.0026288141559674544
-0.0026288141559674544
-0.0024674341562504723
-0.0022918598427744672
-0.002634966486403983
-0.0026288141559674544
-0.0026288141559674544
-0.0027034185254870067
-0.0027507398157049275
-0.0026288141559674544
-0.0026288141559674544
0.0026287580147312897
0.0026287580147312897
0.0026287580147312897
0.0026287580147312897
-0.0018559994869019262
0.0026287580147312897
0.0026287580147312897
0.0026287580147312897
0.0026287580147312897
0.0003828968551834663
0.0026287580147312897
0.0026287580147312897
0.0026287580147312897
0.0026287580147312897
9.153832990714504e-06
-0.0010510634390694371
0.0026287580147312897
0.0026287580147312897
0.0026287580147312897
0.0003828968551834663
0.0026287580147312897
0.0026287580147312897
0.0026287580147312897
0.0026287580147312897
0.0026287580147312897
0.0003828968551834663
0.0026287580147312897
0.0026287580147312897
0.0026287580147312897
0.0026287580147312897
0.0026287580147312897
0.0026287580147312897
0.0026287580147312897
0.0026287580147312897
0.0026287580147312897
0.0026287580147312897
0.0026287580147312897
0.0026287580147312897
0.0026287580147312897
0.0026287580147312897
-0.0022918598427744672
0.0026287580147312897
0.0026287580147312897
0.0003828968551834663
0.0026287580147312897
0.0298701116706655
-0.01668995411534791
0.003099789383616354
0.014184334661110354
0.00399458440738414
0.01662248620028662
0.023883480204633933
0.016134235252893994
0.0298701116706655
0.0298701116706655
0.017899584856493688
0.016537916061177375
-0.0033948604686874413
0.0298701116706655
0.0298701116706655
0.01662248620028662
0.020190088928201018
0.0009822981038071078
0.020190088928201018
0.020190088928201018
0.020190088928201018
0.020190088928201018
0.020190088928201018
0.020190088928201018
0.020939281257487286
0.0298701116706655
0.023883480204633933
0.0298701116706655
0.020190088928201018
0.023883480204633933
0.0298701116706655
0.017680257123869038
0.017899584856493688
0.023883480204633933
0.020939281257487286
0.0298701116706655
0.020190088928201018
0.0298701116706655
0.0298701116706655
0.020190088928201018
0.0298701116706655
0.0298701116706655
0.023883480204633933
0.0298701116706655
0.023883480204633933
0.0298701116706655
0.020689670992588283
0.0298701116706655
0.0298701116706655
0.0298701116706655
0.007818113559688538
0.014844211157695176
0.01465072412431558
0.015322880728073628
0.015322880728073628
0.014844211157695176
0.014844211157695176
0.015322880728073628
-0.011548082013829095
0.014844211157695176
0.015322880728073628
0.004479401425745663
0.015322880728073628
0.015322880728073628
0.014844211157695176
0.015322880728073628
0.014844211157695176
0.013292298721417906
0.013292298721417906
0.010735254909727833
0.010735254909727833
0.013292298721417906
0.009552259330531753
0.013292298721417906
0.013292298721417906
0.011206086105184403
0.007505492865618415
0.011206086105184403
0.011206086105184403
0.011206086105184403
0.0017825041544374176
0.0017825041544374176
0.0017825041544374176
0.0017825041544374176
0.0017825041544374176
0.0017825041544374176
0.0017825041544374176
0.0017825041544374176
0.0017825041544374176
0.0017825041544374176
0.0017825041544374176
0.0017825041544374176
0.0017825041544374176
