CSP params
Dataspan=99900
minTSL=2

CHOOSEN: csp_params: [4,3,5],  csp_reactwin: 6  --> 11586 Trades

csp_params = [[4,3,5], # best score
              [3,3,3], [3,3,4], [3,4,3], [4,3,3], [4,4,3], [4,3,4], [3,4,4], [5,4,3], [4,5,3],
              [4,3,5], # best score
              [3,3,3], [3,3,4], [3,4,3], [4,3,3], [4,4,3], [4,3,4], [3,4,4], [5,4,3], [4,5,3],
              [4,3,5], # best score
              [3,3,3], [3,3,4], [3,4,3], [4,3,3], [4,4,3], [4,3,4], [3,4,4], [5,4,3], [4,5,3],
	      [4,3,5], # best score
              [3,3,3], [3,3,4], [3,4,3], [4,3,3], [4,4,3], [4,3,4], [3,4,4], [5,4,3], [4,5,3],
              ]

csp_reactwins = [3,3,3,3,3,3,3,3,3,3,
		 4,4,4,4,4,4,4,4,4,4,
                 5,5,5,5,5,5,5,5,5,5,
                 6,6,6,6,6,6,6,6,6,6,]