(minTSL: 2)

csp_reactwin: 3
-11.171734461634117  # BEST!
-17.957002531073794
-16.720156189913343
-27.878158977208535
-15.246122106002158
-24.672948947324077
-15.686355985807591
-22.691006940815328
-25.872399883533767
-27.299819874563454

csp_reactwin: 4
-2.906062433985488
-8.955958151164623
-9.281567866086073
-18.099587118665244
-5.691636727268328
-15.70851821416418
-7.324873442427352
-13.66586947425542
-16.575438070890378
-18.551468911804943

csp_reactwin: 5
-1.3260796791687262
-5.937848228354935
-5.942766727818153
-14.945467573163645
-3.143400954366894
-12.644202109811832
-3.9339567717682735
-9.166038781820028
-13.727312406576724
-15.339356090707764

csp_reactwin: 6
2.780580125331577
-3.267264228648134
-1.4068727540298966
-12.728792809701552
-0.7690218465035312
-10.500975752963257
0.45487571242977465
-4.631325900867624
-11.387421573092052
-13.08169174405472
