0.0017021007950023298
0.001076401484437836
0.0011938615292008173
0.0007729253659806313
0.0013036114590058937
0.0009192908720812599
0.0013772462699885438
0.0010814153230467671
0.0009328833011500959
0.0008466225137558048

0.0015770960137505541
0.0010267018815858576
0.0011599788063098783
0.0007683026860150627
0.001222817344773517
0.000906275842930206
0.0013412732391263511
0.0011198803214681596
0.0009110009516019108
0.0008504635594095824

0.0015855538501977826
0.0009932828627051335
0.001186595066387189
0.0007478715529113805
0.0011693580772861086
0.0008772923604717355
0.0013610370931285126
0.0011652925362227464
0.0008861287532489797
0.0008285570462480827
