-4.934623587488081
-7.476472525703444
-6.333714425797488
-6.712889995350838
-6.7571100635876205
-6.251073373627792
-5.721108163627258
-5.69484342967956
-5.770257128668906
-5.730387446814551

-6.306441717172973
-9.491870793421098
-8.054665405516555
-8.534366939438929
-8.607497623808245
-7.954710784780153
-7.283957418099293
-7.239912551939881
-7.345754237280984
-7.29543936654336

-7.559077561820391
-11.319890923503932
-9.623008181009062
-10.197689523944355
-10.292686771892186
-9.520583808552765
-8.713975218542123
-8.66012730641161
-8.8009586782321
-8.747584573486325
