3.8087411877892987
3.0502787867754173
3.068303214446755
2.0508378060194095
3.448704808844463
2.326910601561888
3.2999543025423055
2.581734160722677
2.2298495394948565
2.0288573568987127

3.916939036368405
3.2639926096028677
3.3377094762831887
2.2869221810516502
3.624422925241572
2.56947880029565
3.58991835974565
2.993901274695526
2.4563400099249035
2.297586531582067

4.3177453043351095
3.4488599205302592
3.7585513245007673
2.4295169342908127
3.789016015456526
2.716375181329851
4.006532769869526
3.4294697013036552
2.63116869249234
2.4607202179502297
