0.004769722866959647
0.0040464424344799355
0.004861811455314502
0.0011396613621483809
0.0038091967131004267
0.004822494955281087
0.0039670809619085645
-0.027011714880809112
0.004857784119804975
0.002025067915334411
0.0024910669637945304
0.0003820175522362135
0.004174438702952976
0.0046470341831028605
0.0027028480083846063
0.003910952944985446
-0.00395871139819981
0.00381634650730156
0.004965548278956788
0.003587817573369456
0.004400498112455686
0.002906759231380285
0.003089665010325149
0.006421864761230189
0.006334742705194074
-0.0017265757246254232
0.006421864761230189
0.003338255178020333
0.003565415431183716
0.0020492035228469874
0.003660227279844719
0.0033360177351893228
0.002957255900715161
0.0036968012510518733
-0.00043112947318846295
0.0033360177351893228
0.003239672347210565
0.0029791683681557046
0.0036968012510518733
0.0020492035228469874
0.0035932185604048428
0.0025786940377692247
0.00707826080723617
0.0063701573710828185
0.004092722283788319
0.00707826080723617
0.002194050937665004
-0.0007930935056355004
0.003837564824826778
0.003963462741873869
0.0031409786146685548
0.0017272433516790642
-0.00043112947318846295
0.003020239798368074
0.0031409786146685548
0.003049868013582646
0.0017272433516790642
-0.0007930935056355004
0.0024594935969846077
0.0019915454432251067
0.002198533978581274
0.017447190300279303
0.006013313818842292
0.009523341800665719
0.017447190300279303
0.005118429801798108
0.0029456436893671167
-0.00014628589853904472
-0.0033414925661667816
-0.0028670332205438243
-0.00043112947318846295
0.002124464114183766
-0.0008751890157143727
-0.0028670332205438243
-0.002739006264451671
0.005118429801798108
0.0017983218197015205
0.0012366686664710969
0.0014316551851578652
0.001691508678058895
0.00495909229660807
0.005079987604283964
0.0011396613621483809
0.002749796056811249
0.004459622705454969
0.0022663740016692913
0.004327271158177659
-0.00043112947318846295
-0.0036119538230905412
0.0035447423282208845
0.0016303322038391244
0.006861128488133694
-0.0036119538230905412
-0.0036119538230905412
0.0009835084841647301
0.0009256469261975653
0.0021336668236893175
0.0034965529500441406
0.0009256469261975653
0.0020537690427868682
0.0011396613621483809
-0.00043112947318846295
0.0027275032773443897
0.009511888249313927
0.013844396631079725
-0.00043112947318846295
nan
0.011558708085246394
0.01643388137135826
0.018489558801415562
nan
nan
0.005996779201167257
0.0074014958407309095
0.009623266444802603
0.013379551535996903
0.0074014958407309095
0.009623266444802603
-0.0021737968554425002
-0.00043112947318846295
0.0023119527589487987
-0.0011128418668238105
0.010551315634876879
0.0011396613621483809
nan
0.004913793639294006
0.006322098858735359
0.00994038201083125
9.825486189107835e-05
nan
0.002981633623311275
0.002216760700335385
0.0033888624250577593
0.005321281325532112
0.002216760700335385
0.0033888624250577593
0.005321281325532112
-0.002100475190724982
0.0023355966847438125
-0.0032508445759305005
-0.0004234592312357677
-0.010560503025669465
nan
0.007866507120923849
0.004411527463776821
0.01132737979281373
-0.007826331099292094
-0.011344826062997804
0.004224732449809032
0.0053595174515752575
0.005855991172443176
0.007896557989517383
0.004197861000898584
0.005855991172443176
0.007896557989517383
0.008833873099201028
0.01130760495600125
0.006823175134407222
-0.01982463408893853
nan
0.002749796056811249
0.002072692513177543
0.0018943960873762933
0.0024501566070922465
0.0013325642243655622
0.0027486942158594374
0.001654920985738606
0.0022494399552597244
0.0025000905069072488
0.002587511811480425
0.0013183186974075056
0.0021341463556590057
0.002587511811480425
0.0014762600126116965
0.0013183186974075056
0.0042126258779084935
0.0016140828654087613
0.002749796056811249
nan
0.008663503622985402
0.004862393520910224
-0.00023875619618030086
-0.0036119538230905412
-0.0036119538230905412
