-7.6465799948090005
-7.643088400059289
-7.640687832620429
-7.640341781360503
-7.659694750115518
-7.653398685803219
-7.663026294284049
-7.670651874255052
-7.688972565329369
-7.684292519143074
-7.680243963573641
-8.944879332718125
-7.665485466262897
-7.675759511624229
-8.031430693681838
-8.028992588344776
-8.023877507555909
-8.02877610553888
-8.035566230757814
-8.050192718975834
-8.06432797899704
-8.070048706418609
-8.103920721499989
-8.100771512467567
-8.088504533013719
-8.074354969483053
-8.090747178402358
-8.085412447038632
-7.993005517485265
-8.86056542436812
-8.869032771955315
-8.869952328598675
-8.871913672466027
-8.014439411702416
-8.018891300236069
-8.02255251654986
-8.043905743028132
-8.048151294543732
-8.02490063175249
-8.001710594871188
-8.027210936960413
-8.030300105356869
