0.01626016707998501
0.2004171145743472
0.2004171145743472
0.0014487509252860704
0.154388593065861
0.154388593065861
0.003434662321092574
0.154388593065861
0.0025868807607089335
0.0030858942848176196
0.01626016707998501
0.0031363021728623096
0.0031851355476863784
0.01626016707998501
0.154388593065861
0.154388593065861
0.0030858942848176196
0.154388593065861
0.002587745611016666
0.2004171145743472
0.154388593065861
0.0038648644173249294
0.154388593065861
0.006247359024796391
0.005062101141867297
0.01626016707998501
0.154388593065861
0.0030858942848176196
0.0031363021728623096
0.154388593065861
0.154388593065861
0.0031363021728623096
0.0031363021728623096
0.004345969498424261
0.004345969498424261
0.003749680491307589
0.004345969498424261
0.004345969498424261
0.004345969498424261
0.004345969498424261
0.0038733804340938325
0.004345969498424261
0.0004969273895491595
0.004345969498424261
0.004345969498424261
0.004345969498424261
0.004345969498424261
0.004345969498424261
0.004345969498424261
0.0038733804340938325
0.0004969273895491595
0.004345969498424261
0.003749680491307589
0.004345969498424261
0.004345969498424261
0.004345969498424261
0.0035988438881924267
0.004345969498424261
-0.0012180103464300518
0.004345969498424261
0.003749680491307589
0.004345969498424261
0.004345969498424261
0.004345969498424261
0.003749680491307589
0.004345969498424261
0.0026157639168188722
0.002349068584277216
0.0026157639168188722
0.0026157639168188722
0.0026157639168188722
0.002349068584277216
0.0026157639168188722
0.0026157639168188722
0.0019735163508554933
0.0019735163508554933
0.002015794256534949
0.0026157639168188722
0.0010114417753236669
0.0026157639168188722
0.0013220619606227541
0.002349068584277216
0.0013220619606227541
0.0026157639168188722
0.0026157639168188722
0.002349068584277216
0.0019735163508554933
0.002349068584277216
0.0026157639168188722
0.0013220619606227541
0.0026157639168188722
0.002349068584277216
0.0026157639168188722
0.0026157639168188722
0.0026157639168188722
0.0026157639168188722
0.0016221518543078047
0.002349068584277216
0.0026157639168188722
0.0026157639168188722
0.0026157639168188722
0.002349068584277216
0.0026157639168188722
0.0026157639168188722
0.002349068584277216
0.0026157639168188722
0.0026157639168188722
0.002349068584277216
0.0026157639168188722
0.002349068584277216
0.002349068584277216
0.002349068584277216
0.002015794256534949
0.0026157639168188722
0.002349068584277216
0.0026157639168188722
0.002349068584277216
0.0013220619606227541
0.0026157639168188722
0.0019735163508554933
0.0026157639168188722
0.0026157639168188722
0.002349068584277216
0.0019735163508554933
0.0026157639168188722
0.002349068584277216
0.0013220619606227541
0.002349068584277216
0.0026157639168188722
0.0019735163508554933
0.0026157639168188722
0.002349068584277216
0.0008643842972289313
0.004345969498424261
0.004345969498424261
0.0004415147857634872
0.004345969498424261
0.004345969498424261
0.004345969498424261
0.003749680491307589
0.004345969498424261
0.004345969498424261
0.00360831519405639
0.004345969498424261
0.006898009358830226
0.1972212650498332
0.1972212650498332
0.2058420812756164
0.1972212650498332
0.2058420812756164
0.004266268814040988
0.2058420812756164
0.2058420812756164
0.003034818640478276
0.1972212650498332
0.004225186671321586
0.2058420812756164
0.2058420812756164
0.2058420812756164
0.2058420812756164
0.004266268814040988
0.1972212650498332
0.2058420812756164
0.2058420812756164
0.1972212650498332
0.2058420812756164
0.004225186671321586
0.004225186671321586
0.1972212650498332
0.004266268814040988
0.009900821189798986
0.1972212650498332
0.2058420812756164
0.1972212650498332
0.004266268814040988
0.003034818640478276
0.003090486442559652
0.1972212650498332
0.2058420812756164
0.004266268814040988
0.2058420812756164
0.1972212650498332
0.004266268814040988
0.2058420812756164
0.003034818640478276
0.2058420812756164
0.1972212650498332
0.2058420812756164
0.1972212650498332
0.1972212650498332
0.2058420812756164
0.2058420812756164
0.2058420812756164
0.0032504566911732034
0.009900821189798986
0.1972212650498332
0.004225186671321586
0.1972212650498332
0.2058420812756164
0.2058420812756164
0.003090486442559652
0.2058420812756164
0.1972212650498332
0.2058420812756164
0.2058420812756164
0.2058420812756164
0.2058420812756164
0.2058420812756164
0.1972212650498332
0.2058420812756164
0.0026157639168188722
0.0026157639168188722
0.0013220619606227541
0.0026157639168188722
0.0019735163508554933
0.0026157639168188722
0.002015794256534949
0.0026157639168188722
0.0026157639168188722
0.0026157639168188722
0.0026157639168188722
0.0026157639168188722
0.002015794256534949
0.0019735163508554933
0.0026157639168188722
0.0026157639168188722
0.0026157639168188722
0.002349068584277216
0.0026157639168188722
-0.0011784086941752845
0.002349068584277216
0.0026157639168188722
0.0026157639168188722
0.0026157639168188722
0.0019735163508554933
0.0026157639168188722
0.0026157639168188722
0.0026157639168188722
0.0013220619606227541
0.0026157639168188722
0.0026157639168188722
0.0026157639168188722
0.0026157639168188722
0.004345969498424261
0.004345969498424261
0.003749680491307589
0.004345969498424261
0.0038733804340938325
0.003749680491307589
0.004345969498424261
0.003749680491307589
0.004345969498424261
0.004345969498424261
0.004345969498424261
0.004345969498424261
0.0008643842972289313
0.004345969498424261
0.003749680491307589
0.004345969498424261
0.004345969498424261
0.004345969498424261
0.004345969498424261
0.004345969498424261
0.003749680491307589
0.004345969498424261
-0.0013568010821403047
0.004345969498424261
0.003749680491307589
0.003749680491307589
0.003749680491307589
0.0034726422997086465
0.003749680491307589
0.004345969498424261
0.004345969498424261
0.004345969498424261
0.004345969498424261
0.01626016707998501
0.0031363021728623096
0.01626016707998501
0.2004171145743472
0.0030858942848176196
0.0031363021728623096
0.0031851355476863784
0.0025868807607089335
0.0031363021728623096
0.154388593065861
0.0030858942848176196
0.2004171145743472
0.2004171145743472
0.0025868807607089335
0.0030858942848176196
0.0052145252509981505
0.0030858942848176196
0.0031363021728623096
0.154388593065861
0.0031363021728623096
0.01626016707998501
0.0031851355476863784
0.0013656983238028513
0.0025868807607089335
0.005062101141867297
0.2004171145743472
0.01626016707998501
0.01626016707998501
0.01626016707998501
0.0031851355476863784
0.01626016707998501
0.005062101141867297
0.0031851355476863784
0.2058420812756164
0.2058420812756164
0.2058420812756164
0.2058420812756164
0.2058420812756164
0.2058420812756164
0.2058420812756164
0.2058420812756164
0.2058420812756164
0.2058420812756164
0.2058420812756164
0.2058420812756164
0.2058420812756164
0.2058420812756164
0.2058420812756164
0.2058420812756164
0.2058420812756164
0.2058420812756164
0.2058420812756164
0.2058420812756164
0.2058420812756164
0.2058420812756164
0.2058420812756164
0.2058420812756164
0.2058420812756164
0.2058420812756164
0.2058420812756164
0.2058420812756164
0.2058420812756164
0.2058420812756164
0.2058420812756164
0.2058420812756164
0.2058420812756164
0.001630252317653111
0.0007036638524477783
0.012955449951790099
0.008661807619840289
0.001466735929576306
0.01903743557664412
0.001630252317653111
0.000252731106940951
0.01903743557664412
0.0003030622264744429
0.0017496381683510325
0.001157057151962558
0.002467442134450577
-101.5319165313373
-111.06712916506626
0.0010532874967277826
-0.0892228932627855
0.0010532874967277826
-0.038862056061474214
