1.3587183412322161
13.279543798849964
28.666410775941475
28.666410775941475
1.2914792728312705
28.666410775941475
13.279543798849964
28.666410775941475
28.666410775941475
28.666410775941475
28.666410775941475
28.666410775941475
28.666410775941475
28.666410775941475
28.666410775941475
28.666410775941475
28.666410775941475
13.279543798849964
13.279543798849964
1.2914792728312705
13.279543798849964
28.666410775941475
28.666410775941475
28.666410775941475
28.666410775941475
13.279543798849964
28.666410775941475
28.666410775941475
13.279543798849964
1.2914792728312705
1.2914792728312705
1.3987143773360733
28.666410775941475
13.279543798849964
13.279543798849964
28.666410775941475
1.586076238655353
28.666410775941475
1.4765068186184025
28.666410775941475
28.666410775941475
13.279543798849964
28.666410775941475
13.279543798849964
28.666410775941475
28.666410775941475
1.5905910844854254
1.4719282773295792
28.666410775941475
1.5905910844854254
1.4765068186184025
13.279543798849964
13.279543798849964
13.279543798849964
13.279543798849964
1.4412558543893512
28.666410775941475
13.279543798849964
13.279543798849964
13.279543798849964
2.2366100620629386
28.666410775941475
13.279543798849964
13.279543798849964
1.3960731604837575
28.666410775941475
13.279543798849964
28.666410775941475
1.4412558543893512
13.279543798849964
28.666410775941475
28.666410775941475
13.279543798849964
1.2039500339324394
4.273277498465325
4.273277498465325
4.273277498465325
13.279543798849964
4.273277498465325
1.1980233010452255
4.273277498465325
4.273277498465325
1.2863407874059751
4.273277498465325
13.279543798849964
1.1807392121537328
4.273277498465325
28.666410775941475
28.666410775941475
1.2863407874059751
28.666410775941475
1.2863407874059751
1.2863407874059751
1.6662245449281148
1.6662245449281148
4.273277498465325
1.2863407874059751
4.273277498465325
1.6662245449281148
1.2438374173822349
1.2863407874059751
1.6662245449281148
1.2863407874059751
13.279543798849964
28.666410775941475
1.3587183412322161
13.279543798849964
13.279543798849964
28.666410775941475
13.279543798849964
28.666410775941475
1.2863407874059751
28.666410775941475
28.666410775941475
1.1980233010452255
13.279543798849964
1.2914792728312705
28.666410775941475
28.666410775941475
28.666410775941475
28.666410775941475
1.2863407874059751
13.279543798849964
28.666410775941475
28.666410775941475
13.279543798849964
28.666410775941475
1.2914792728312705
1.2914792728312705
13.279543798849964
1.2863407874059751
1.6662245449281148
13.279543798849964
28.666410775941475
13.279543798849964
1.2863407874059751
1.1980233010452255
1.2039500339324394
13.279543798849964
28.666410775941475
1.2863407874059751
28.666410775941475
13.279543798849964
1.2863407874059751
28.666410775941475
1.1980233010452255
28.666410775941475
13.279543798849964
28.666410775941475
13.279543798849964
13.279543798849964
28.666410775941475
28.666410775941475
28.666410775941475
1.2193743612152095
1.6662245449281148
13.279543798849964
1.2914792728312705
13.279543798849964
28.666410775941475
28.666410775941475
1.2039500339324394
28.666410775941475
13.279543798849964
28.666410775941475
28.666410775941475
28.666410775941475
28.666410775941475
28.666410775941475
13.279543798849964
28.666410775941475
1.2283990271410892
1.2283990271410892
1.1159214843379255
1.2283990271410892
1.1676369920711642
1.2283990271410892
1.1744884994332934
1.2283990271410892
1.2283990271410892
1.2283990271410892
1.2283990271410892
1.2283990271410892
1.1744884994332934
1.1676369920711642
1.2283990271410892
1.2283990271410892
1.2283990271410892
1.203646816502689
1.2283990271410892
0.9132718614297416
1.203646816502689
1.2283990271410892
1.2283990271410892
1.2283990271410892
1.1676369920711642
1.2283990271410892
1.2283990271410892
1.2283990271410892
1.1159214843379255
1.2283990271410892
1.2283990271410892
1.2283990271410892
1.2283990271410892
1.279353436472011
1.279353436472011
1.2394020049222982
1.279353436472011
1.2492348840115242
1.2394020049222982
1.279353436472011
1.2394020049222982
1.279353436472011
1.279353436472011
1.279353436472011
1.279353436472011
1.053378646965515
1.279353436472011
1.2394020049222982
1.279353436472011
1.279353436472011
1.279353436472011
1.279353436472011
1.279353436472011
1.2394020049222982
1.279353436472011
0.9147924389838693
1.279353436472011
1.2394020049222982
1.2394020049222982
1.2394020049222982
1.223507212525298
1.2394020049222982
1.279353436472011
1.279353436472011
1.279353436472011
1.279353436472011
2.0470204801116827
1.208577934712454
2.0470204801116827
27.937262701490397
1.1912755675650761
1.208577934712454
1.2037441148406116
1.1579968560654452
1.208577934712454
13.545256747151187
1.1912755675650761
27.937262701490397
27.937262701490397
1.1579968560654452
1.1912755675650761
1.2661664205465253
1.1912755675650761
1.208577934712454
13.545256747151187
1.208577934712454
2.0470204801116827
1.2037441148406116
1.0762650033230563
1.1579968560654452
1.2910146876512507
27.937262701490397
2.0470204801116827
2.0470204801116827
2.0470204801116827
1.2037441148406116
2.0470204801116827
1.2910146876512507
1.2037441148406116
28.666410775941475
28.666410775941475
28.666410775941475
28.666410775941475
28.666410775941475
28.666410775941475
28.666410775941475
28.666410775941475
28.666410775941475
28.666410775941475
28.666410775941475
28.666410775941475
28.666410775941475
28.666410775941475
28.666410775941475
28.666410775941475
28.666410775941475
28.666410775941475
28.666410775941475
28.666410775941475
28.666410775941475
28.666410775941475
28.666410775941475
28.666410775941475
28.666410775941475
28.666410775941475
28.666410775941475
28.666410775941475
28.666410775941475
28.666410775941475
28.666410775941475
28.666410775941475
28.666410775941475
1.1130934177840908
1.055216064655329
1.7027708814590738
1.5915113809457775
1.0825404773249678
1.8714441459597733
1.1130934177840908
1.0202539677378053
1.8714441459597733
1.0244865590760988
1.132401625080659
1.0737021098943644
1.1867754923642548
0.0
1.6017944664947127e-05
1.0750073224439305
0.07600279850684179
1.0750073224439305
0.8300630947697362
1.0750073224439305
1.6794892010792697
1.0750073224439305
1.0750073224439305
1.3329028947812258
1.0750073224439305
1.0794443157622895
1.0750073224439305
0.15669270631246512
1.0750073224439305
0.7287008571528462
1.0750073224439305
0.7260649798462829
1.0750073224439305
1.107151082614251
1.0750073224439305
0.8353804925747681
1.0750073224439305
1.2135324482356256
1.0750073224439305
1.1376992241127222
1.0750073224439305
1.412681294046094
1.0750073224439305
1.572443650230783
1.0750073224439305
1.5322311583806174
1.0750073224439305
1.529361059777848
1.0750073224439305
1.3095773642465114
1.0750073224439305
1.0266832600150686
1.0750073224439305
1.0972726968087183
1.0750073224439305
0.8900487940521731
1.0750073224439305
0.8485381296935648
1.0750073224439305
0.7367906500821467
1.0750073224439305
0.9609661687543507
1.0750073224439305
0.8282925078013385
1.0750073224439305
0.8845340561789125
1.1555864817404278
0.9537713643214826
0.9050520903182185
0.9279663488486365
1.167177422290957
0.5173258076072911
1.5640952106366786
0.8406650048139965
0.6549082291766929
1.1170593130693889
0.8764215349764529
0.6908383980035868
0.8777689182134054
0.6611033910563386
0.8764215349764529
0.8746326732858453
2.037146492285866
1.0923778201721395
1.1507558666771809
