-5.294165017570209
-5.304858790677914
-5.323004212523403
-5.298950806482899
-5.247622558469243
-5.25642938889451
-5.257177170780865
-5.2136493967253195
-5.172912374225983
-5.148904533490393
-5.166024490956624
-1.5151199023757072
-5.214476419798215
-5.154969975860454
-4.047202223939283
-4.058730251174973
-4.080731580272593
-4.0646870924467216
-4.036970141925209
-3.9990830456418767
-3.9779488645557866
-3.9604665386867417
-3.868067985903777
-3.8349465739684967
-3.8813223491617395
-3.9255784107081415
-3.853806263588005
-3.8126478658579726
-4.1881543001421235
-1.684782611229937
-1.6644342946164543
-1.6536554945971584
-1.640272029596963
-4.118967046299512
-4.124092814244519
-4.115213366934564
-4.044216576823237
-4.000446631391561
-4.079273730194982
-4.148240069983076
-4.044451933464094
-3.9738375251958056
