-36.47170538585923
-36.88682365119341
-38.090656107571974
-38.18990578266608
-37.79574089915285
-37.388251817900226
-37.35135028577382
-38.268598983330484
-39.367051570362726
-38.101812754825666
-36.21392048047987
-26.531399316605565
-38.486715977925925
-36.070371358545216
-36.09085403124299
-36.27050536326518
-37.7936668276388
-37.65885337977058
-37.50195890570849
-36.70233806652666
-35.94662690112825
-37.529777880965156
-36.3818254707444
-33.767503687854266
-33.62673977611237
-34.87630047729721
-34.13916768464668
-32.24597136742381
-35.88061016502346
-23.44749093746625
-23.515099480201364
-23.793013746653436
-23.6572396403059
-35.70888979691983
-36.34340215627387
-38.06786690167511
-36.92503837105651
-34.01227087582682
-34.09492360760302
-35.713245658604556
-34.985751128232465
-33.228756428065104
