-12.645433569390178
-12.282023937613767
-8.95073405420985
-4.331928363075311
-12.751450040328352
-11.39178922397248
-7.573006046342018
-3.447365540196528
-12.797067825018832
-10.775395080330153
-9.285533808095657
-7.220805233262813
-13.23688121745425
-12.523900264783867
-11.28042862041856
-8.258192808219814
-8.747205342218772
-13.031936287277691
-12.705001384630913
-11.396711118470835
-9.675707146899054
-7.973122350468655
-12.334662732128475
-10.717800140665497
-7.345824993867658
-3.7925729483686417
-10.717800140665497
-12.149509329740829
-7.557579995365508
-4.432435053441605
-13.241655824139675
-13.144834203984788
-11.97178622819651
-7.376784725216007
-2.6820487960050916
-13.144834203984788
-13.078740947010138
-11.950148330145776
-7.376784725216007
-4.432435053441605
-12.700026995899387
-13.08588878408682
-7.272995232764862
-2.5203183235871314
-11.735900013097421
-7.272995232764862
-7.7993330803357175
-3.504387850303711
-12.578465671313
-12.139881333823304
-11.90747917341689
-7.526454966043904
-2.6820487960050916
-12.729763528170395
-11.90747917341689
-11.820069991141951
-7.526454966043904
-3.504387850303711
-11.958998087604872
-12.445002581391256
-12.874001557835927
-2.2001936868721104
-11.200980231777576
-6.559809801912042
-2.2001936868721104
-3.53814400252038
-12.244096640313545
-12.719289013546769
-8.823931585835973
-8.421116500628848
-2.6820487960050916
-12.098197700751907
-12.277772030830281
-8.421116500628848
-8.405583670860052
-3.53814400252038
-11.51549005998701
-11.85187956575444
-12.337066352718672
-12.060210092325253
-11.578248028321012
-7.1237462945427
-4.331928363075311
nan
-12.981441992604067
-11.70458216632654
-8.424467555281486
-2.6820487960050916
-2.682048796074134
-12.744268838545066
-10.897265278480562
-7.154169138771094
-2.682048796074134
-2.682048796074134
-11.022593431925058
-11.683265275218488
-12.98523615125867
-12.468935194232996
-11.683265275218488
-9.009028459172741
-4.331928363075311
-2.6820487960050916
-12.216176801463716
-9.646251425296132
-3.957533738172737
-2.6820487960050916
nan
-11.84911865644859
-5.197515972182712
-2.0622920496126973
nan
nan
-12.714524898139308
-13.32204144994699
-13.099314133139199
-11.764847451236054
-13.32204144994699
-13.099314133139199
-3.790461550270271
-2.6820487960050916
-13.233041933266714
-10.056788350690116
-4.573341869669499
-4.331928363075311
nan
-8.105366850357477
-6.556357833527991
-4.714916197311122
-3.632750704729798
nan
-8.851887536552395
-7.971770124217945
-8.787853411664537
-8.843812536052582
-7.971770124217945
-8.787853411664537
-8.843812536052582
-4.441300995736903
-12.89261664463393
-12.777810517026053
-4.798789568968795
-4.779049772978234
nan
-9.316390074604257
-7.654330454812781
-6.889274266373209
-7.570179598118396
-4.271417531353505
-12.288717753198501
-12.511090926906538
-12.317325885994352
-11.614234268688383
-12.507127536534025
-12.317325885994352
-11.614234268688383
-10.137803319260943
-7.701289987729813
-5.941691003501542
-3.9880374115713475
nan
nan
-13.408324144250281
-11.824578634624052
-7.735742299445101
-11.782521473315446
-7.538162082199847
-12.07257142551169
-12.937355031983534
-13.49171783696761
-13.430653253460012
-12.28101003126591
-12.956380282089711
-13.430653253460012
-13.624006650436629
-12.28101003126591
-8.357547641822618
-3.4163294343970256
nan
nan
-10.15169146464976
-8.133439611696799
-3.6613234367440612
-2.682048796074134
-2.682048796074134
