0.6430047960622058
0.9586460240588776
1.0246628020490505
1.0246628020490505
1.1113446280126613
1.0246628020490505
0.9586460240588776
1.0246628020490505
1.0246628020490505
1.0246628020490505
1.0246628020490505
1.0246628020490505
1.0246628020490505
1.0246628020490505
1.0246628020490505
1.0246628020490505
1.0246628020490505
0.9586460240588776
0.9586460240588776
1.1113446280126613
0.9586460240588776
1.0246628020490505
1.0246628020490505
1.0246628020490505
1.0246628020490505
0.9586460240588776
1.0246628020490505
1.0246628020490505
0.9586460240588776
1.1113446280126613
1.1113446280126613
0.7330887339254731
1.0246628020490505
1.6169294147308328
1.6169294147308328
-0.2793413190573987
1.5869932578915813
2.876900917943969
0.9609179024432241
1.5869932578915813
1.4761958585530393
1.6169294147308328
1.8391695346566848
2.876900917943969
1.3230493839205992
1.3230493839205992
1.8391695346566848
1.8391695346566848
1.5869932578915813
2.876900917943969
1.3997800889800276
1.2108670779240793
1.4761958585530393
1.6169294147308328
1.3041169300879099
1.3041169300879099
1.6169294147308328
1.3230493839205992
1.6169294147308328
2.876900917943969
1.0653500364898627
1.6169294147308328
1.3997800889800276
1.6169294147308328
1.8391695346566848
1.5869932578915813
2.876900917943969
1.5869932578915813
2.876900917943969
2.876900917943969
1.4761958585530393
1.6169294147308328
0.9586460240588776
0.7855163625100542
2.1855034891903786
2.1855034891903786
2.1855034891903786
0.9586460240588776
2.1855034891903786
0.7569681136615034
2.1855034891903786
2.1855034891903786
1.106491850233356
2.1855034891903786
0.9586460240588776
0.7380063996222918
2.1855034891903786
1.0246628020490505
1.0246628020490505
1.106491850233356
1.0246628020490505
1.106491850233356
1.106491850233356
1.2998818652009179
1.2998818652009179
2.1855034891903786
1.106491850233356
2.1855034891903786
1.2998818652009179
0.9048135691962749
1.106491850233356
1.2998818652009179
1.106491850233356
0.9586460240588776
1.0246628020490505
0.6430047960622058
0.9586460240588776
0.9586460240588776
1.0246628020490505
0.9586460240588776
1.0246628020490505
1.106491850233356
1.0246628020490505
1.0246628020490505
0.7569681136615034
0.9586460240588776
1.1113446280126613
1.0246628020490505
1.0246628020490505
1.0246628020490505
1.0246628020490505
1.106491850233356
0.9586460240588776
1.0246628020490505
1.0246628020490505
0.9586460240588776
1.0246628020490505
1.1113446280126613
1.1113446280126613
0.9586460240588776
1.106491850233356
1.2998818652009179
0.9586460240588776
1.0246628020490505
0.9586460240588776
1.106491850233356
0.7569681136615034
0.7855163625100542
0.9586460240588776
1.0246628020490505
1.106491850233356
1.0246628020490505
0.9586460240588776
1.106491850233356
1.0246628020490505
0.7569681136615034
1.0246628020490505
0.9586460240588776
1.0246628020490505
0.9586460240588776
0.9586460240588776
1.0246628020490505
1.0246628020490505
1.0246628020490505
0.8571643615192508
1.2998818652009179
0.9586460240588776
1.1113446280126613
0.9586460240588776
1.0246628020490505
1.0246628020490505
0.7855163625100542
1.0246628020490505
0.9586460240588776
1.0246628020490505
1.0246628020490505
1.0246628020490505
1.0246628020490505
1.0246628020490505
0.9586460240588776
1.0246628020490505
1.121867878663314
1.121867878663314
0.5942908370301782
1.121867878663314
0.8050852512193113
1.121867878663314
0.8772432798069968
1.121867878663314
1.121867878663314
1.121867878663314
1.121867878663314
1.121867878663314
0.8772432798069968
0.8050852512193113
1.121867878663314
1.121867878663314
1.121867878663314
1.009717445148375
1.121867878663314
-0.6136441224779621
1.009717445148375
1.121867878663314
1.121867878663314
1.121867878663314
0.8050852512193113
1.121867878663314
1.121867878663314
1.121867878663314
0.5942908370301782
1.121867878663314
1.121867878663314
1.121867878663314
1.121867878663314
1.0991151120087026
1.0991151120087026
0.9795776203495928
1.0991151120087026
1.0192262273869637
0.9795776203495928
1.0991151120087026
0.9795776203495928
1.0991151120087026
1.0991151120087026
1.0991151120087026
1.0991151120087026
0.20830113805565692
1.0991151120087026
0.9795776203495928
1.0991151120087026
1.0991151120087026
1.0991151120087026
1.0991151120087026
1.0991151120087026
0.9795776203495928
1.0991151120087026
-0.622610806524465
1.0991151120087026
0.9795776203495928
0.9795776203495928
0.9795776203495928
0.9322484556520111
0.9795776203495928
1.0991151120087026
1.0991151120087026
1.0991151120087026
1.0991151120087026
1.1239837168672804
0.8430372371383985
1.1239837168672804
0.9859934829962081
0.8145321948502547
0.8430372371383985
0.8434061273316067
0.6733808882122687
0.8430372371383985
0.9369323840087056
0.8145321948502547
0.9859934829962081
0.9859934829962081
0.6733808882122687
0.8145321948502547
0.7252866656012857
0.8145321948502547
0.8430372371383985
0.9369323840087056
0.8430372371383985
1.1239837168672804
0.8434061273316067
0.17576546381398525
0.6733808882122687
1.0008960104222315
0.9859934829962081
1.1239837168672804
1.1239837168672804
1.1239837168672804
0.8434061273316067
1.1239837168672804
1.0008960104222315
0.8434061273316067
1.0246628020490505
1.0246628020490505
1.0246628020490505
1.0246628020490505
1.0246628020490505
1.0246628020490505
1.0246628020490505
1.0246628020490505
1.0246628020490505
1.0246628020490505
1.0246628020490505
1.0246628020490505
1.0246628020490505
1.0246628020490505
1.0246628020490505
1.0246628020490505
1.0246628020490505
1.0246628020490505
1.0246628020490505
1.0246628020490505
1.0246628020490505
1.0246628020490505
1.0246628020490505
1.0246628020490505
1.0246628020490505
1.0246628020490505
1.0246628020490505
1.0246628020490505
1.0246628020490505
1.0246628020490505
1.0246628020490505
1.0246628020490505
1.0246628020490505
0.2665461770363015
0.02432639585255094
2.074587730296027
1.1961273909915213
0.1819335762974207
0.41140572050065977
0.2665461770363015
-0.214102104630029
0.41140572050065977
-0.19337847440478123
1.1404082512987213
0.5694733897899165
1.3408167827983588
nan
-0.9999775536883921
0.5677742845505855
-12.746263685241722
0.5677742845505855
-2.174982945187083
0.5677742845505855
2.953939954125176
0.5677742845505855
0.5677742845505855
1.218989929593
0.5677742845505855
0.47058996319917057
0.5677742845505855
-25.655134585795395
0.5677742845505855
-1.751531307265637
0.5677742845505855
-1.9529624969365982
0.5677742845505855
1.391457561466604
0.5677742845505855
-1.834570411748273
0.5677742845505855
1.9402508029265653
0.5677742845505855
0.7982462110388048
0.5677742845505855
1.6823066012698422
0.5677742845505855
2.2667525448790533
0.5677742845505855
2.8847805334158805
0.5677742845505855
2.0523635180255693
0.5677742845505855
2.0900895186728885
0.5677742845505855
-0.035012621865065645
0.5677742845505855
0.6636816512995058
0.5677742845505855
-1.0527946651582258
0.5677742845505855
-1.5885260600958353
0.5677742845505855
-2.4720753305925975
0.5677742845505855
-0.3016835315718511
0.5677742845505855
-1.5717787963444336
0.5677742845505855
-0.9886795465719618
1.7178538621021802
-0.36755938571654256
-0.8668971613993781
-0.7738208093031801
0.11872366399658817
-1.1959270943711862
0.46839102687016315
0.2761378483773468
0.4475567237540271
0.13458458496608475
-1.3135916449066165
-3.5236787987373104
-1.426105102885407
-3.9117070020606737
-1.3135916449066165
-1.1177016720602575
2.0776460393085023
0.4156324351186714
0.7359030628504848
