37.444320712694875
37.875835189309576
38.23775055679287
38.89198218262806
39.35133630289533
38.83630289532294
38.78062360801782
38.73886414253897
38.19599109131403
38.19599109131403
37.65311804008908
37.30237154150198
37.402561247216035
37.29120267260579
36.98283649503162
37.5609756097561
38.048780487804876
38.789521228545624
38.97018970189702
38.82565492321589
38.86178861788618
38.934056007226744
38.35591689250226
38.410117434507676
37.90424570912376
38.15718157181572
38.31978319783198
38.68112014453478
36.30662020905923
38.39681133746679
39.54827280779451
40.07971656333038
39.85828166519043
38.2404181184669
38.2404181184669
38.72822299651568
38.048780487804876
38.11846689895471
37.49128919860627
37.75261324041812
37.944250871080136
38.44947735191638
