dataspan=99900
chval_th (change value tresholds) 1-20 each block


WINDOW / BOUNDDIST: 14 / 18 

chwin: 2
85.88720765917984
73.6932468902152
62.30034265286858
61.15925961243167
42.715971690610615
40.79265873538777
26.59831931400561    t: 11776  BEST (CHOOSEN)
9.599014446550807    t: 8169
-1.1112455111666306
-7.588137855879726
-16.885133699831293
-12.57384433583146
-23.963655911614524
-8.035061247442512
2.052071319145447
3.0691990784914474
9.206507359223647
-6.612748918487638
2.9904996220019266
10.363635591077227

chwin: 3
90.14462658087626
81.44607141134881
74.0847893583976
64.70362206059963
64.36988897019717
55.13133763393654
35.441006208414024
24.636357994549968
10.020828050904452   t: 13386
-2.621312509544268   t: 10127
-14.292008014980173  t: 7590
-13.411204783116066
-12.568913020485844
-9.508265643894372
-12.779574579492387
-8.849810246773163
-11.678751275326528
-7.195708107182645
-2.3886916244706535
-13.80047015213345

chwin: 4
70.26350306684925
72.37219082641968
70.83475869913838
64.59840424058832
58.96677570171501
55.166494444086545
47.845123232908406
38.622292982012304
26.107118158629923
12.049691570750124   t: 12986
6.831159093395378    t: 10525
7.1951906172730276   t: 8397
5.249466039611713
1.5464847677226605
-6.466903090797835
-9.362943214705272
-18.607841089748884
-17.006738284968904
-16.989913244761375
-21.57522382003287

WINDOW / BOUNDDIST: 6 / 28 

chwin: 2
84.83629093295205
73.64312929738377
66.64817101094411
67.14750102492361
70.15799483474925
65.28139573043401
57.99068379580342
57.44498945280354
50.77092895172877
41.20880453457939
40.73546395252191
35.3868252565948
30.168763408448545
27.407429544251876
24.00370246813835    t: 14161
14.096674013744305   t: 12110
10.151659754298073   t: 10292
6.438338910207236    t: 8723
3.344739712081571
-4.832909689923502

chwin: 3
70.40110032967652
75.57946387299164
78.8043557030991
81.52699029028277
76.16578576551079
76.65644298142718
75.65069239286474
68.71925958798688
66.5359640762783
61.51142598662091
58.58785283140031
53.94377159259517
55.32181149017499
52.85883346323949
45.242813986930486
39.50857722817714
33.69130974716262
26.859888989493044
22.568109965687693
18.67313255045532     t: 14091

chwin: 4
64.43977428065361
64.66826254478049
62.37100479720625
66.63506992162809
64.93115913739751
67.94148446289103
65.83243971430153
65.34071686969412
64.13421805071131
65.04414833535006
62.738839936710235
62.97658312085377
59.658787387031374
58.039632436067635
58.83531128449507
59.796398409798286
51.21819439650477
47.83090176148717
42.53951432786777
36.084602330622275
-----------------------------------
