minTSL: 1  |  csp_reactwin: 2
-29.060323510753797
-30.05622768719263
-29.420515355402962
-26.852082151764577
-36.34668475359701
-27.59616469611104
-34.38180934477525
-26.086869085323126
-31.390472048732047
-27.758369229268986
-35.40470237380575
-22.155389253096125
-27.990570261996005
-32.159136472437254
-36.95930319002169
-26.536552901479542
-32.38072214111711
-31.138889593378785
-32.09086312065358
-28.643087054382462
-29.795489421213126

minTSL: 2  |  csp_reactwin: 2
-27.954307020674776
-29.85298518299443
-28.984643751742052
-26.17812167805658
-35.38946203106015
-26.718146595641414
-33.70832641088318
-25.788665189593523
-30.84955456507362
-26.964323646537004
-34.79319521302825
-21.873913727869052
-27.9090076018836
-31.71275841359966
-36.386374097241195
-26.146456153897834
-32.023776311081534
-30.965572882834778
-31.896088743032486
-28.25268603270709
-29.200134444270002

minTSL: 3  |  csp_reactwin: 2
-28.494822555191497
-30.941399246104297
-30.226054275748318
-26.98341971703204
-36.82022996578417
-27.46980295156241
-35.05579723339361
-26.44049538584009
-32.166812958444716
-28.305460718618193
-35.94173932166564
-22.863089513314865
-28.792430638547206
-32.70463645192152
-37.4618197672546
-27.386598152224323
-33.00198223386541
-31.8870256371106
-32.8665172099151
-29.227817314698417
-30.553953794855328

minTSL: 1  |  csp_reactwin: 3
-19.793407096074702
-21.416933031543135
-20.88530044924537
-18.05550067110505
-29.57350475317155
-16.849988863740013
-26.15505775212153
-16.570317031454586
-23.791406557436158
-19.55951801225459
-27.18055632691107
-12.155251334373542
-19.140711955933323
-24.174224482011763
-28.861351195986945
-17.79249569041185
-24.085970016090183
-22.686722349586084
-23.689305577482834
-20.156487635686037
-21.398959759575305

minTSL: 2  |  csp_reactwin: 3
-17.957002531073794
-20.60293553617672
-19.53131127217162
-16.720156189913343
-27.878158977208535
-15.246122106002158
-24.672948947324077
-15.686355985807591
-22.691006940815328
-17.93235796708258
-25.872399883533767
-11.171734461634117       BEST!
-18.5722247180069
-22.88740447178921
-27.299819874563454
-16.560225575495167
-22.898539256851706
-21.973090516683463
-22.64355500949406
-18.978446518129132
-19.901649127017095

minTSL: 3  |  csp_reactwin: 3
-18.62496803440655
-22.00995267190626
-21.402116043696292
-17.815549211499736
-29.53729044773337
-16.677625072591646
-26.602665758002303
-16.795553737244603
-24.158857630634035
-19.21383186985802
-27.807947732638592
-12.351148368909177
-19.991180925346
-24.306660370011024
-29.203298616287466
-17.826697659825832
-24.409738927411844
-23.530410404041913
-24.401305963872364
-20.324692511547376
-21.592301774457415
-----------------------------------
