CSP params
Dataspan=99900


minTSLs = [1,1,1,1,1,1,1,1,1,1,
            1,1,1,1,1,1,1,1,1,1,
            1,
            2,2,2,2,2,2,2,2,2,2,
            2,2,2,2,2,2,2,2,2,2,
            2,
            3,3,3,3,3,3,3,3,3,3,
            3,3,3,3,3,3,3,3,3,3,
            3,
            1,1,1,1,1,1,1,1,1,1,
            1,1,1,1,1,1,1,1,1,1,
            1,
            2,2,2,2,2,2,2,2,2,2,
            2,2,2,2,2,2,2,2,2,2,
            2,
            3,3,3,3,3,3,3,3,3,3,
            3,3,3,3,3,3,3,3,3,3,
            3,
            ]

csp_params = [[3,3,3], [4,4,4], [5,5,5],
              [3,3,4], [3,4,3], [4,3,3], [4,4,3],
              [4,3,4], [3,4,4], [3,4,5], [5,4,3],
              [4,3,5], [5,3,4], [3,5,4], [4,5,3],
              [4,4,5], [4,5,4], [5,4,4], [5,5,4],
              [5,4,5], [4,5,5],
              [3,3,3], [4,4,4], [5,5,5],
              [3,3,4], [3,4,3], [4,3,3], [4,4,3],
              [4,3,4], [3,4,4], [3,4,5], [5,4,3],
              [4,3,5], [5,3,4], [3,5,4], [4,5,3],
              [4,4,5], [4,5,4], [5,4,4], [5,5,4],
              [5,4,5], [4,5,5],
              [3,3,3], [4,4,4], [5,5,5],
              [3,3,4], [3,4,3], [4,3,3], [4,4,3],
              [4,3,4], [3,4,4], [3,4,5], [5,4,3],
              [4,3,5], [5,3,4], [3,5,4], [4,5,3],
              [4,4,5], [4,5,4], [5,4,4], [5,5,4],
              [5,4,5], [4,5,5],
              [3,3,3], [4,4,4], [5,5,5],
              [3,3,4], [3,4,3], [4,3,3], [4,4,3],
              [4,3,4], [3,4,4], [3,4,5], [5,4,3],
              [4,3,5], [5,3,4], [3,5,4], [4,5,3],
              [4,4,5], [4,5,4], [5,4,4], [5,5,4],
              [5,4,5], [4,5,5],
              [3,3,3], [4,4,4], [5,5,5],
              [3,3,4], [3,4,3], [4,3,3], [4,4,3],
              [4,3,4], [3,4,4], [3,4,5], [5,4,3],
              [4,3,5], [5,3,4], [3,5,4], [4,5,3],
              [4,4,5], [4,5,4], [5,4,4], [5,5,4],
              [5,4,5], [4,5,5],
              [3,3,3], [4,4,4], [5,5,5],
              [3,3,4], [3,4,3], [4,3,3], [4,4,3],
              [4,3,4], [3,4,4], [3,4,5], [5,4,3],
              [4,3,5], [5,3,4], [3,5,4], [4,5,3],
              [4,4,5], [4,5,4], [5,4,4], [5,5,4],
              [5,4,5], [4,5,5],
              ]

csp_reactwins = [2,2,2,2,2,2,2,2,2,2,
                 2,2,2,2,2,2,2,2,2,2,
                 2,2,2,2,2,2,2,2,2,2,
                 2,2,2,2,2,2,2,2,2,2,
                 2,2,2,2,2,2,2,2,2,2,
                 2,2,2,2,2,2,2,2,2,2,
                 2,2,2,
                 3,3,3,3,3,3,3,3,3,3,
                 3,3,3,3,3,3,3,3,3,3,
                 3,3,3,3,3,3,3,3,3,3,
                 3,3,3,3,3,3,3,3,3,3,
                 3,3,3,3,3,3,3,3,3,3,
                 3,3,3,3,3,3,3,3,3,3,
                 3,3,3,]