0.0006044715160117062
0.0006518792957048163
0.0007666964263412364
0.0008212814798600368
0.00016753964339919012
0.0007381624456457675
0.00030462727725640536
0.0009200746371767645
0.0005388129814960273
0.0008282914791728021
0.00024182826170138686
0.0012412566301051818
0.00081945583820039
0.0005039591760618212
0.00014482465138019874
0.0009465122766096527
0.000497229835858662
0.0005905574298524486
0.0005275248090004021
0.0008124726606225885
0.0007187065808195439

0.0006764415983774877
0.0006744338469661201
0.0008130502087982022
0.0008716019489054364
0.00023619914585789285
0.000800662620608809
0.00035715845930616775
0.0009468958127598748
0.0005847111693478124
0.0008985337458607584
0.0002926307974054693
0.0012689280910441446
0.0008331587599929672
0.0005469155341011234
0.00019391695713361594
0.0009866058920107994
0.0005336960041784824
0.0006116397396655784
0.0005523149304190338
0.0008547137378141159
0.0007763116006023555

0.0006324112841465361
0.0005760447911495387
0.0006921539094265834
0.000803011302057471
0.00013169854904508844
0.0007364731769706802
0.00025267697480561494
0.0008821005990362592
0.00047470901260478866
0.0007816081125491276
0.0001976825764524773
0.0011795381379464918
0.0007457006567718121
0.00045557143607108163
0.00010368185279558054
0.0008741767904581607
0.00043923372427754693
0.0005220101697609504
0.0004543596524655775
0.0007597074377678819
0.0006516287152903187

0.0008016064017146613
0.0009171306512484555
0.001098439797718031
0.0009929835156518446
0.00038076989726791403
0.0010092738353141431
0.0005761219361386669
0.0011418702071883107
0.0007485947569859482
0.0010477045409736203
0.0005541135741835613
0.001473441295944544
0.0010647077163249302
0.0007755821589991285
0.0004708982360801509
0.0011987961062087764
0.0008032691323967473
0.0008882329764840713
0.0008572595628328449
0.001109122712266524
0.0010263218777065712

0.0008910175499168339
0.0009702711867624484
0.0011990819425606205
0.0010657457858933492
0.0004702219961499091
0.0010942223508143391
0.0006592604473318464
0.0011955493654390516
0.0008145538695854121
0.0011516613249488356
0.0006330548970959824
0.001538350126588023
0.0011057987377749033
0.0008585523754244242
0.0005640433194969075
0.001283115588687224
0.0008825549960815895
0.0009393361217287762
0.0009323000412139836
0.001195443325716539
0.0011303724610093235

0.0008527717098168018
0.0008782834736969628
0.0010651320751593851
0.001000752051816063
0.0003798332482995951
0.001012135438183206
0.000549510276756122
0.0011234115544561895
0.0007237181925654644
0.0010668475753991076
0.0005172882067750609
0.0014605268496842765
0.0010099655995145249
0.0007652359093971383
0.00045022825755969465
0.0011962403584634235
0.000780094997411745
0.0008335352266436353
0.0008088894109972636
0.001099653441013422
0.0010143596102185253
