-2.8268767107497115
-2.017798695391277
-1.5558253643879578
-2.3844892652421694
-2.5501700840224513
-2.56271444453251
-2.376028069205975
-2.166036161748052
-2.1603768154984135
-1.8794647045934543
-2.2071362403901005
-1.8780963325106714
-1.98212202889529
-1.97044085676744
-2.192013736510242
-1.7554454315292678
-1.8795308411602163
-1.8811916978840746
-1.7723969530285832
-1.6426380935708584
-1.6492244377582101

-2.8182381107422407
-2.015803427124643
-1.5526886821475636
-2.3793061965814704
-2.5428612993027344
-2.5558348520884904
-2.3707633552983607
-2.1634930100503698
-2.156129964324122
-1.8737585432586783
-2.202419289090627
-1.875759711169667
-1.9808868538407405
-1.9668074380160252
-2.1875000542337366
-1.7523571418577342
-1.8765777536481036
-1.8794581146183191
-1.7704884993028827
-1.639613036184877
-1.6451172814020394

-2.8233599629098753
-2.024077353867193
-1.5605800171786688
-2.386169182972051
-2.5537588730110583
-2.562701010276811
-2.3809732570567137
-2.169351217919582
-2.1660202983140042
-1.883009407423262
-2.2110054655080313
-1.8829398092917984
-1.9881755230787241
-1.9742772874165677
-2.195577100843482
-1.7607124298045964
-1.8839221448839962
-1.8864386491800686
-1.7776742979754636
-1.646165177045681
-1.6537625850755724

-5.320544620817803
-3.770483012933342
-2.8714926845096196
-4.484488884783771
-4.791938340554043
-4.808101449946568
-4.45347473314518
-4.0598052711801715
-4.051850313091476
-3.512343828834448
-4.1211399639522135
-3.509592254668503
-3.7026972349822898
-3.6786780992341663
-4.089669044505994
-3.2701335621753973
-3.497607379626861
-3.501923613481893
-3.2878208647886638
-3.04440958956955
-3.0559793839444174

-5.3005008585333275
-3.7618611264099746
-2.858960539690015
-4.4705410831285555
-4.774112796731744
-4.790668433963961
-4.437939723476156
-4.050362642741558
-4.040466522517629
-3.496606775107837
-4.107465769629721
-3.4995556440714863
-3.6960750661082127
-3.6656864104075795
-4.073698672830767
-3.258118130623523
-3.485752981740952
-3.494215605032557
-3.277212036722398
-3.0330020327851672
-3.042219760402659

-5.308769131348236
-3.776301728482416
-2.875241850444334
-4.482650656009865
-4.791760377803104
-4.807141145390677
-4.458026702053554
-4.062653794773883
-4.05569396777876
-3.5090925417795518
-4.127116920044747
-3.511172597544428
-3.7109695893543395
-3.6798980880528833
-4.092795192696154
-3.2700877543971147
-3.500649238962316
-3.5096711690182127
-3.2941943819602604
-3.0452721691207554
-3.057113119620306
