1.0813713396529403
0.9540424253830045
0.9783200696005072
1.3439275529126349
0.28332783404792866
1.2401619547012683
0.49250671275928765
1.4148815958871686
0.821966113010377
1.1857645615208867
0.3721067450849304
1.7978259227864675
1.1784448817992133
0.7276483291020344
0.22567176277690063
1.3055140752214773
0.7028630216792416
0.822489321379328
0.7138314404917206
1.0716451243589247
0.9567968277922467

1.2127728769085584
0.9889313921590053
1.037803581002128
1.4288227333750685
0.40027761937878825
1.3481397609457026
0.578817352191202
1.458697728045271
0.8937016665496849
1.2872099489343478
0.4506870712820856
1.8404920001993157
1.2004279892838534
0.7908187526685734
0.30203041763765065
1.3619731996695712
0.7555634551498145
0.8530125691157813
0.7483504983282468
1.1278932547149279
1.0337902404500041

1.1343512440467987
0.8469602189826542
0.8858093181391425
1.317391186435323
0.22365210423807935
1.2415029303067948
0.4107411893678443
1.3607357718117588
0.7271948887165679
1.123728592883868
0.3054057241580662
1.714042563092791
1.075300753793033
0.6599678906999527
0.16226887081383462
1.2108622386911352
0.6229422030084376
0.7294063745630035
0.616511179502293
1.0048464183674508
0.8704112186770095

1.9579331086109035
1.80605427054778
1.8383953406581588
2.1994894345666527
0.871375704890488
2.307324809661236
1.2596310157757264
2.368858899793846
1.5416323969206145
2.00233164903466
1.1436953972741035
2.8448300752317586
2.058043706168498
1.4979917999844192
0.9763399791667796
2.1966156354754918
1.51295931466646
1.6558279489213965
1.539258916662429
1.930923411984032
1.799647036962446

2.17885870018313
1.912070344212419
2.00451284998215
2.3626299117611977
1.077459755676236
2.5041105975525277
1.4427920523661482
2.482084756776856
1.6787719295905414
2.2000256952938044
1.3071457737153158
2.969952365780553
2.1387940751279997
1.6578577422124314
1.169166071639235
2.3501293852947307
1.661875182009875
1.7514498354118484
1.6738232015255046
2.0796302213762465
1.9798747013678184

2.086375955810319
1.732192221872544
1.7815990843819354
2.2195151351989018
0.8695855799473097
2.3190609037137087
1.203927108768759
2.3340273445094097
1.492107017167801
2.0408700763864585
1.0681039898689613
2.8234355455681794
1.9528994862544455
1.4784836718629
0.9340606364992463
2.194378580549876
1.4695448686665429
1.5540986472905227
1.45158059303307
1.9142584853867033
1.7793214681994438
