fibo_chwin: 2
-27.944236383129567
-27.608894173000756
-27.797081530344535
-28.49313019506744
-27.566061592397627
-27.876836662970362
-25.318554753178113
-20.298411554963668
-20.850715801247357
-20.750556179839453
-20.689342208321595
-15.190617801401181
-16.90967574539554
-16.809710321680058

fibo_chwin: 3
-36.37219889609236
-36.12259314047773
-34.94756291813835
-33.190845381458146
-35.58514893722347
-34.704957891424385
-31.93245939690843
-28.730845334232743
-29.43809885352125
-25.693515173741265
-27.66445087947545
-26.23905519234375
-23.960940718907818
-22.81232630542965

fibo_chwin: 4
-33.562565498965895
-33.808294852397076
-32.774779046353245
-31.080168041814545
-31.1322790783537
-29.029812652270603
-26.08457070315119
-22.788033704753232
-25.316993024343954
-24.12909602798288
-28.40037783361666
-25.59665660722425
-21.397869129702244
-22.04861100165204
-----------------------------------
