Dataspan: 25.000
Triggerpower each 5:  16,20,24,27,30

-27.872094104877057
-5.202477908552858
34.036783053416784
nan
nan
-8.034891225654547
-41.66411018528073
nan
nan
nan
-23.174354381738663
-29.903697050391813
nan
nan
nan
11.723415681718315
-43.8921444801957
nan
nan
nan
-1.8795130878651731
-69.1911868153735
nan
nan
nan
-11.033700822044075
12.613616809585022
12.613616809585022
nan
nan
-23.477756088916287
-28.464672222786657
nan
nan
nan
-25.440870372952297
nan
nan
nan
nan
-2.0988348833676937
5.332910590401186
-74.85051714533665
nan
nan
-31.609307932768544
20.91912052044695
20.91912052044695
nan
nan
-2.6072859440527116
-32.638434221910416
nan
nan
nan
-----------------------------------

Dataspan: 99900, all 11 weights set to 3, Triggerpowers 9-15:
Optimization Loop ID:  "B"
2.525395370980158
-27.189920911307443
-27.189920911307443
-25.49822719291886
-28.90567511369477
-28.90567511369477
-37.32915178529574
-----------------------------------
