(each block: RSI-wins 4-14)

RSI-CHWIN=2

RSI-bounddist: 5
49.49439173194211
59.19964069196249
64.29796429635363
75.24112376967264
84.68791012811054
92.32068384534766
96.77442282495569
105.82890005684025
112.48022735326238
112.99044936862404
113.08106863620748

RSI-bounddist: 8
50.82095979216146
51.44049250597327
69.14285690071851
79.77332653391329
83.72026084263692
94.8478202152754
105.44261600626918
101.89550417054838
98.72278330445185
102.13120199983881
101.1430505755167

RSI-bounddist: 12
45.34729275164661
63.65966060488232
75.76673025491975
82.90359408745465
90.22654029423161
86.94605124382133
90.33127170704054
92.24599361374698
91.28219995764863
86.53051197496815
85.69505353721156

RSI-bounddist: 17
42.47219335271584
57.78471864747948
62.93033907734973
65.52160389510827
66.68348100673273
64.40273861628188
60.659383930990344
56.40364464721882
54.63196496505265
52.6635788923461
49.94357884535939     t 9962  -  ALSO VERY GOOD AND WORTH A TRY

RSI-bounddist: 18
45.35861755037909
52.93999161646835
58.35930880305335
58.14149696643135
62.10655947930295
57.97123664993345
51.50475752287495
47.86962080042164
47.07443596742495    t 10699
47.179333847900594   t 9521 
43.7115046064366     t 8385  -  MAYBE THE BEST (CHOOSEN)

RSI-bounddist: 19
45.679119886097425
50.30352873953254
56.706380971646496
56.37480473021643
54.0549002305518
51.376634432996916
45.59459070140973
41.260848204796396    t 10513
43.84395788548935     t 9183
38.695794088882785    t 8024
34.37175078371039     t 7052

RSI-bounddist: 20
41.76891754558133
49.853880403171004
55.62204741318669
50.88854933804622
49.53325725526585
41.098724528649896
39.88004494468785    t 10479
41.06540788930397    t 9026
36.95901967543875    t 7853
34.29123742447693    t 6757
33.66312585178898    t 5852

RSI-bounddist: 21
37.19357716630039
45.11026177136081
49.90585686816867
46.62048180654384
41.76592065522947
35.27816444294306
35.40340805122216     t 9107
37.62112942210909     t 7756
32.03701415634693     t 6631
32.73426514009072     t 5634
33.145784195301815

RSI-bounddist: 25
35.665506534696995
40.29793373290098
35.85300945923677
30.831587072896998    t 9639
23.95247498498154     t 7629
23.615235659918195    t 6060
20.907876762010936
19.410248989437424
11.1389449803437
9.114007040406323
0.8612157161537941

RSI-bounddist: 28
30.54968420616118
29.756992706306725
24.400135684525683    t 8722  BEST FOR FASTER VARIANT (RSI-win=6)
19.628665004593564    t 6459
14.153701842651756
9.966231957340351
4.388362705133829
-0.5996734660313301
-3.091773187019851
-8.886561437649098
-16.230562520895553

RSI-bounddist: 30
32.133489550652016
23.774094801984305    t 9584
12.485846305874453    t 6724
16.792311914198475
10.483602205474087
3.451783734896093
2.8130171573537286
-3.4241276574858794
-4.604077706464052
-5.656569183649175
6.135288902050471

RSI-bounddist: 32
24.254621079264524
17.823436346413263    t 7503
12.123787969739928    t 5051
6.803120022880053
4.996314598449403
6.391069115747751
3.2658190544709202
-0.39498757795300055
1.4976618623342102
-1.5768534563131555
7.554843372391199


RSI-CHWIN=3

RSI-bounddist: 5
49.49439173194211
59.19964069196249
64.29796429635363
75.24112376967264
84.68791012811054
92.32068384534766
96.77442282495569
105.82890005684025
112.48022735326238
112.99044936862404
113.08106863620748

RSI-bounddist: 8
50.82095979216146
51.44049250597327
69.14285690071851
79.77332653391329
83.72026084263692
94.8478202152754
105.44261600626918
101.89550417054838
98.72278330445185
102.13120199983881
101.1430505755167

RSI-bounddist: 12
45.34729275164661
63.65966060488232
75.76673025491975
82.90359408745465
90.22654029423161
86.94605124382133
90.33127170704054
92.24599361374698
91.28219995764863
86.53051197496815
85.69505353721156

RSI-bounddist: 17
42.47219335271584
57.78471864747948
62.93033907734973
65.52160389510827
66.68348100673273
64.40273861628188
60.659383930990344
56.40364464721882
54.63196496505265
52.6635788923461
49.94357884535939

RSI-bounddist: 18
45.35861755037909
52.93999161646835
58.35930880305335
58.14149696643135
62.10655947930295
57.97123664993345
51.50475752287495
47.86962080042164
47.07443596742495
47.179333847900594
43.7115046064366

RSI-bounddist: 19
45.679119886097425
50.30352873953254
56.706380971646496
56.37480473021643
54.0549002305518
51.376634432996916
45.59459070140973
41.260848204796396
43.84395788548935
38.695794088882785
34.37175078371039

RSI-bounddist: 20
41.76891754558133
49.853880403171004
55.62204741318669
50.88854933804622
49.53325725526585
41.098724528649896
39.88004494468785
41.06540788930397
36.95901967543875
34.29123742447693
33.66312585178898

RSI-bounddist: 21
37.19357716630039
45.11026177136081
49.90585686816867
46.62048180654384
41.76592065522947
35.27816444294306
35.40340805122216
37.62112942210909
32.03701415634693
32.73426514009072
33.145784195301815

RSI-bounddist: 25
35.665506534696995
40.29793373290098
35.85300945923677
30.831587072896998
23.95247498498154
23.615235659918195
20.907876762010936
19.410248989437424
11.1389449803437
9.114007040406323
0.8612157161537941

RSI-bounddist: 28
30.54968420616118
29.756992706306725
24.400135684525683
19.628665004593564
14.153701842651756
9.966231957340351
4.388362705133829
-0.5996734660313301
-3.091773187019851
-8.886561437649098
-16.230562520895553

RSI-bounddist: 30
32.133489550652016
23.774094801984305
12.485846305874453
16.792311914198475
10.483602205474087
3.451783734896093
2.8130171573537286
-3.4241276574858794
-4.604077706464052
-5.656569183649175
6.135288902050471

RSI-bounddist: 32
24.254621079264524
17.823436346413263
12.123787969739928
6.803120022880053
4.996314598449403
6.391069115747751
3.2658190544709202
-0.39498757795300055
1.4976618623342102
-1.5768534563131555
7.554843372391199
-----------------------------------
