dataspan: 70.000,  histo_chwin: 2
19.802449467933616
18.06945795716583
23.636406942558907
23.556286368193625
19.48895003121705
19.398902781437798
17.651905350562995
19.415325954496588
16.293424708257035
13.913864057198406
19.995675578405013
18.94935585452789
18.240582025961626
19.047285068658056
17.58295565173713
16.88880161420196
17.80789826380482
16.609664157880317
18.268188456938102
19.302952713945018
14.9911514483694
12.583870566735392
14.055965607482714
12.025540187046285
10.000587222216875
8.689310734176681
9.730726793421868
9.692240919578628
14.733597687352406
16.22086832365679
16.02737454355718
17.131220341043722
17.711984258285586
15.385274103705163
20.423587427961262
17.359068073634006
14.68314286261402
12.998161219925663
12.542350632972159
11.422378598200677
7.662272109757594
11.905403446102428
10.25969014836006
10.085726766193888
8.507892047260842
10.725164193021033
9.82398824633707
8.292574732364589
6.650165655510946
13.821106745844256
12.667262119747425
10.875631092546788
10.139053162454905
8.250790508663565
10.769725977952975
9.079412243516522
7.299802424103353
5.032784996487821
4.615566290206564
4.0577074606884524
5.953565310726697
5.692356108233128
7.3896590203834736
7.192064506274809
9.06065959403479
3.9256934042425575
1.316908254923295
6.669595541632008
5.915543175743944
9.245963010578917
3.665179631733963
4.339459905807219
6.454943331782751
7.913678802513232
6.044326325543377
4.355288500473578
6.4558562209674974
5.552873320122552
7.345434250064255
10.868054675480522    but bad zero value
11.67895248815404     [8,7,7]   Trades: 10.065/70.000 
8.854201502552595     [9,7,7]   Trades: 9.735/70.000    --> to prefer so far
8.609058049610852     but bad zero value
9.425157244535553     but bad zero value
-----------------------------------
