CCI-treshold-distances per block:
40,50,59,67,74,80,85,90,94,97,100,103,106,110,115,120,126,133,141,150,160,175,190 

CCI-win: 4
43.35156574894195
42.98097834783292
30.69124444848478
22.152041072229256
21.203222111673348
23.84885732711712
21.59134197696424
21.627917897615458
21.635323820516504
17.907145850750904
9.22710505574388
6.523218387412463
4.272864905801608
1.5926543277065068
-5.761002549737666
-16.59788716076928    t: 11812
-17.506390916127415   t: 9719
-21.78977419392286    t: 7657
nan
nan
nan
nan
nan

CCI-win: 5
38.41980865066032
32.15406355142116
30.071345563076644
22.965539572338187
20.588336674265854
15.120930317766016
12.969201659177823
12.427130610851865
13.37381487713967
13.896512384413336
11.47096033750099
13.13598172655496
9.381499431116861
3.4840470935474053
-4.208396692065964
-10.555706875016384
-16.238993838181706   t: 10856
-22.539314031903352   t: 8548
-35.778288226961465
-36.769900282139524
-39.79582718464086
nan
nan

CCI-win: 6
32.55269725925362
25.777426445816772
21.72755685236859
19.959112555872196
13.815572806099828
14.52347416591618
14.39533903664258
14.461273576845251
12.2578612129415
11.980495059276116
9.599465831931694
8.830551840587832
6.844726651209703
5.17881834459623
6.0818266845756295
4.04976564358539
-5.810463454301921    t: 12545    good but much,   th_dist: 126  (better is below)
-12.487576914642245   t: 10115        th_dist: 133
-23.805508292601075   t: 7741         th_dist: 141
-31.788988664199014
-37.64619633949356
-38.99461681037795
-37.773983994529246

CCI-win: 7
27.405106385616097
28.392554309622486
25.403282035417643
21.155199565989022
21.505429524269797
15.682274109314882
13.367451427646738
10.487732281597864
8.742270891464589
6.578487114782556
3.263444061430766
3.6780725909998604
1.4356359055197707
3.4856389043230616
-2.535450709349197
-0.9717936182644262
-1.3246897217353948
-9.453373903831041   t: 11385                    th_dist: 133
-21.16095405669109   t: 9024                     th_dist: 141
-22.45727939699504
-21.90202869021487
-21.950998418761582
-21.522092029368167
-24.725992646135293
-21.65960514702657
-18.180402440975787
        -16.68097836564374   t: 7015   th_dist: 149  TAKE
-17.411634014715467  t: 6805  --> very good!     th_dist: 150
-18.31343414443726
-18.53701909245992
-21.116640871587958
-20.85555202710648
-22.80241104834121
-22.79670644357561
-25.128169955274313
-27.722081671732653
-27.4140019247511
-27.154341612901593           th_dist: 160
-38.45180617368954
-39.64276785317577

CCI-win: 8
25.989341651877016
21.449967913465713
18.058954055384465
14.366284691290236
11.786029387443788
10.84722353470065
10.801412690649759
7.459253834995099
6.907702600470978
7.908181714184055
4.8687953324007545
5.578252841192689
3.7410376659186197
-0.756673292910905
-3.919276286464559
-2.8578861426583697
-2.9572322042641477
-7.903039516943034    t: 11983                     th_dist: 133
-15.021534464324912   t: 9755                      th_dist: 141
-13.453999739827527
-13.455749905185952
          -12.8243769796143      t: 9021        th_dist: 144   TAKE
-13.397675096355998
-17.100806239140667
         -14.329995935138975     t: 8294     th_dist: 147   TAKE
-15.354839917849876
-15.280545266779239
           -15.893866211456126   t: 7658   --> good!          th_dist: 150    TAKE
-18.524296172147235
-18.98737863370848
-19.670072581409475
-19.531173244414124
-23.513950686075034
-22.645579429569143
-21.65016439885686
-24.46684571585244
-26.739769063802076
-27.07257205924938    th_dist: 160
-34.07103616100501
-46.13496076354793

CCI-win: 9
25.241406731375584
26.71003197123276
24.910995794621055
21.350350081394453
18.015932859910194
6.727160681224033
4.232221251452702
1.0727320525380044
-1.117755387338871
-5.254354524575923
-3.9842649149509723
-7.010092769820557
-6.763158865284276
-9.163350427912736
-9.800835831862978
-10.682849302048435
-10.072353750439113     th_dist: 126
-7.574468644115953
-8.738643447622167
-9.640525782430343
-7.081561320690781
-5.768139816840886
-6.157787712658981
-4.79021984654697     t: 12504  --> super but much          th_dist: 133
      -4.89984951532039     t: 12224      th_dist: 134    TAKE
      -5.255080057060759    t: 11917      th_dist: 135    TAKE
-7.607461424233893
-7.935425757783271
-8.76690268961147
-11.56962593235037
        -9.81044342799267     t: 10502    th_dist: 140   TAKE
-10.179948031286761   t: 10242                              th_dist: 141
-19.37041288141747    t: 8102                               th_dist: 150
-25.58820375496491
-32.4626433432101
-41.3861055692374

CCI-win: 10
29.125065580147453
20.61190219614324
15.950338305399093
10.883062625367565
6.147519887794371
5.55287301254785
-0.787661156471561
-1.0690919945199688
-4.678506297829992
-5.336280582594776
-5.802530427275023
-6.45271587257327
-5.119888269938779
-8.343090565208264
-14.083996996723627
-13.751266405299006
-18.72356254045468
-15.22296013846326
-16.14478620561395    t: 10643     th_dist: 141
-13.347499397042899
-11.959242191881238
-12.97704309330937
-12.98240939560534
-10.936228122012366   t: 9417     th_dist: 146
-13.94195766641057
-11.79074054841203
     -10.743737377555387   t: 8727  th_dist: 149   TAKE
-13.698911601315139   t: 8502  --> pretty good          th_dist: 150
-13.485267945611227
-15.598624228079956
-13.969138983067198
-16.913040630521035
-18.084643565093224
-17.673404265520116
-16.214488688809144
-16.675723797244157
       -15.946713861328487   t: 6767  --> super! TAKE
-18.042189608568858   th_dist: 160
-27.058766460344167
-35.65420509566512

CCI-win: 11
18.913538864545437
16.579307500705657
12.886355230260435
6.486862660847709
3.1906420511185916
-1.1216719134339446
1.7121390637599747
-2.3878134770343324
-1.3967468142593242
-2.69797514313193
-3.6473002649873507
-6.016864003457487
-9.641102472566844
-14.058899190993653
-15.187471702006896
-13.122999143319444
-16.887742088666776
-10.539483728356084
-18.5899969536229     t: 10940                         th_dist: 141
-18.49649700608361
-19.567147186020158
-20.703316276436368
-17.643316223819916
-17.5947534128737
-16.44771289413178
-14.00588463554096
-12.040995952767455
-13.360764836233017   t: 8776   --> pretty good        th_dist: 150
-12.950172442527254   t: 8561
-14.625506910863379
-13.057855044973302
       -11.927546207892277   t: 7950   th_dist 154   TAKE
-14.469188662515922
-15.540872870299866
-17.966993490222848
-18.434337864312084
-18.080197841136595
-19.073665655168025   th_dist: 160
-26.111359037172395
-33.19146684096618

CCI-win: 12
14.908095339751833
12.012855147196696
12.31251971592543
7.785719507286936
4.719974164785312
2.850292383790124
1.882298446689759
1.2677698819003087
-4.854900238038681
-3.108418910728626
-9.428749985441687
-8.937617113114737
-10.16588942419288
-11.588084754980745
-16.476863567763115
-14.561818781663302
-15.843459046802806
-17.894889619322417
-23.941277795870462   t: 11145
-23.087985784526627   t: 9070           th_dist: 150
-23.97939377566816
-22.800680339887638
-22.028393570188218
-21.776859316398912
-21.893056282339124
-20.727976576845904
-22.098050241542538
-22.117066249816556
-21.629872269528228
      -19.698708292975866   t: 7098           th_dist: 160    TAKE
-20.05901347213194
-21.37573683318027
-23.11329875399556
-23.196345888636063
-22.49025475925633
-20.101752572544186
-20.587286499236825
-20.60925572523355
-20.723241113720764
-21.88883532043021    th_dist: 170
-30.79478443987237    t: 4810           th_dist: 175
-34.44696220861128

CCI-win: 13
14.464355883140279
14.581465803339498
7.931599800067322
8.874955696456363
6.055093939360483
-1.609765927157686
-4.595677190389327
-6.987307159898936
-9.16267550053503
-8.651407885548316
-12.392288327610343
-15.864092334757913
-19.0949742857788
-18.688214253730074
-17.37138737704688
-22.070027641493816
-26.771556781779736
-27.34826121046126
-22.604308733012555   t: 11381
-28.838211318684877   t: 9237
-30.22700154648841    t: 7260
-26.925332007674783
-30.610063155936306
-----------------------------------
________________________________________________________________________
-----------------------------------
TAKEN VALUES FOR COMPARISON:
-16.68097836564374      t: 7015     th_dist: 149     (CCI-win: 7)
-12.8243769796143       t: 9021     th_dist: 144     (CCI-win: 8)
-14.329995935138975     t: 8294     th_dist: 147     (CCI-win: 8)
-15.893866211456126     t: 7658     th_dist: 150     (CCI-win: 8)
-4.89984951532039       t: 12224    th_dist: 134     (CCI-win: 9)
-5.255080057060759      t: 11917    th_dist: 135     (CCI-win: 9)
-9.81044342799267       t: 10502    th_dist: 140     (CCI-win: 9)
-10.743737377555387     t: 8727     th_dist: 149     (CCI-win: 10)
-15.946713861328487     t: 6767     th_dist: 159     (CCI-win: 10)
-11.927546207892277     t: 7950     th_dist: 154     (CCI-win: 11)
-19.698708292975866     t: 7098     th_dist: 160     (CCI-win: 12)