Optimization Loop ID:  "A"
vwap_chwin=2
-54.515833374705004
-55.616624342993816
-58.3000226984986
-56.37662920338395
-51.87736485184307
-52.77171299356727
-52.652208219515174
-48.93088509066831  minTSL8
-45.377410202346034
-43.044973815928024
-44.04899623643283
-54.145004729041766  minTSL12
-47.91734352607531
-42.69579038528598

vwap_chwin=3
-49.56697515010525
-50.75804421802613
-53.85706747475774
-52.39991264120163
-49.65756949700163
-45.6769086490691
-43.356698434228576
-41.979658057597334
-32.891526390978285
-29.56648498709371
-33.75619645349724
-38.06537610908149
-31.563819770709877
-27.598366434930107

vwap_chwin=4
-48.50940193290013
-50.20760316113871
-47.30270715200736
-45.94115080594026
-43.90856866257003
-42.492708481302955
-43.236155297820225
-42.774151239661876
-35.9925565087381
-31.71739650068854
-38.6414396266099
-44.9972467910972
-35.7442117058361
-29.46519647772862
-----------------------------------
