0.026089478298252367
0.005123010619745294
nan
0.00411603378969172
nan
nan
0.03384094754652622
0.12514511376904291
0.0017408734020118999
nan
0.004666829831134756
0.030082476122017532
0.016158282248790456
0.06577544562555993
0.0010857125953167568
nan
-0.014527594033120206
0.001393859499354555
0.0032717614350197266
-0.007434965669628202
0.0007965430173451082
0.0008010095070565271
0.0021242849658431595
-0.0015987252893645554
0.001980112880883844
0.0012190905630315996
0.0024111941086868427
0.0010455639872786193
0.002128331096695746
0.002604957427032595
-0.008306528633539312
0.00034089990328389774
-0.0014121201029837493
0.0018151429101331829
0.009722670715017756
-0.0018341464417037656
-0.012722450125868257
0.006100644829931667
0.0031059297133761987
-0.006164323791491011
0.0027413126426401035
-0.01540090704500452
0.005188748142948008
0.0005986123286616518
-0.0007714753626264503
0.002842771485744855
0.004846479123443714
0.0014995453891719634
0.004099275940494529
-0.0004609736758531824
0.002751194741579255
0.0007753884105010656
0.0013778902724803643
0.0009759390845909266
-0.0035210227403381644
0.0051491478659349
0.0019398727560515638
0.0022635015946015358
-0.006981565799601963
-0.0076554321502442235
0.0040588328852342315
0.0018578988478568093
0.0017456453736963695
0.0014085980090339234
-0.08252715784273779
0.0013274145569397433
-0.005899557484678741
0.00035076149040857985
-0.02395457495125708
0.0024828404172838603
0.003711786649485127
0.006059267155644754
-0.0038013476571285842
0.001158845155035948
0.015851406452149774
-0.00019826863686400742
-0.006722511277712506
-0.010846194887492722
0.0018045383666231984
0.0468264019926945
-0.008787218221317783
0.01147562714800543
0.0005940109805369076
0.004877557469629146
0.002229970403755388
-0.004981482340216115
0.0029256195079874203
0.0007369713632465746
0.00021332435333754063
0.004384288426417804
0.009477743622321455
0.003925627625878114
-0.011027060937451871
0.0012851912299494117
0.004230968518736944
0.0033827563201471733
0.0003295830520944065
0.0022675154088158678
-0.00017345562735027187
0.004329830156346581
0.0021802937841819414
-0.004710276371322486
-0.0002468257773835525
0.0015847430307580623
0.0019137132112767574
-0.0013719597533379257
0.018588430738031292
-7.430193982305155e-05
0.006451340795932126
0.0017460031279448174
0.002074131836526938
-0.001067209159111293
0.006173464980308019
0.008052665143964965
0.0008678569024089811
-0.0008499806307127322
-0.0021404242220746106
-0.0009176574492841816
0.004170990345864212
0.004016298777487215
0.004044815222847831
0.0008139017834807305
0.03287552079291878
-0.0010175570141046641
0.0025175913719088783
0.024418183301677665
0.0036815904060238935
0.0054711970264742504
-0.013688726827387754
0.012907022431773996
-0.00017456246318436897
0.020795714148902356
0.001539749346868291
0.041974345475037644
0.006459141816783642
0.002168517011269522
0.059688640431732054
nan
0.007034300078756495
0.018534620243393363
-0.004955888672553144
0.006006062764307707
0.0017171298031914972
0.01945256256956629
0.027342486391046528
0.03456431867607801
0.011164344003566917
0.009051855026065425
0.026965219221142256
-0.0012902120474889145
0.04583995555191844
-0.0005056377861190064
0.04833175792617883
0.06145792376366366
-0.009556267254751116
0.06856773463745913
0.000574353737037292
-0.005367796188260332
-0.005667755111482542
0.02263028368936215
0.0
0.004067339932900538
0.0013969832312055175
0.008344991190112339
0.01719818312191368
0.005290046913297708
0.004173747868918554
0.006207325452645129
0.01090685787488166
0.026897220309707315
0.012932760129191756
0.005061726491795149
0.01426070799894763
0.0058182292644426425
0.0028498770214380187
-0.009939043147821902
-0.002579783794520729
0.012232876882700694
-0.0032685217418948476
-0.011025618158599926
0.012219265320267958
0.01704598812310998
0.0033465935399989988
-0.012035664898002452
0.005031344946249128
0.007988839163308725
-0.01285268847646126
-0.013393135771377906
-0.0023083076835406224
-0.01429371757057929
0.0033377111551935457
0.10560119208242735
0.002074832659193504
0.008735185657360311
0.002069594645748296
0.0037019241915903223
0.0001948521676897741
0.001069261810271449
-0.00023967727559304208
0.00034686291701113703
-0.0004733640849408083
0.001412303767756029
0.0021334273570428053
0.004016921005800533
-0.00027552108485817683
-0.00854957818616775
-0.010366828608177059
0.0013312071164284234
-0.001518157843283241
0.004088015030956349
0.0017094053778032858
0.0025792405279778663
0.0015084253895070177
0.003976836694907782
0.0020410005750814975
0.0075855009096237325
0.0022735748264945954
-0.010160282437909895
0.001732855229996666
-0.000368233462699763
-0.0011343386686624157
0.0027338857463643507
0.0033169379944686384
0.011560306835334266
1.765363588646096e-05
0.0017012917670644612
0.0038033964995021208
-0.0016965587703476892
-0.009741962667109139
0.004989629904161852
0.015307557602617372
0.000519264506060324
0.003705784004726098
0.0037792715667617216
-0.00015475535380948813
0.015938535449988578
-0.015401137147219579
0.007121847946067739
0.0036004945580536685
0.004854705917356483
-0.0032243534920151085
-6.507978098646561e-05
0.000315463400490934
0.003468215982582734
0.010514085474233603
0.0022223589400960364
-0.007908986007043595
-0.003433984442136051
0.02619168452067111
-0.0001907039493320717
0.002963791463073129
-0.016013911411005832
-0.0005506609276340058
0.0021142890177072715
0.0001218679267500633
0.013206274822952224
