0.03716885565093665
-9.868980012921817
nan
-0.9882486982167522
nan
nan
1.6943117488233903
0.35447208482319204
-0.8954121523003199
nan
-0.6746388345656219
1.9956604919841776
-5.675971223420504
0.6624503511143403
-1.0061845511229666
nan
-1.001851970288799
-1.8105568011872524
-0.9127263908816762
-1.1888558649038847
-1.0551555833859194
-1.0776555264979766
-1.3630393035226944
-1.0704114749510796
-1.0568785054317944
-3.9848401806687552
-1.5727510394492699
-0.7350787428717822
-1.376466972535617
-1.2213810336500979
-1.0811483355201947
-1.0296153795661889
-1.0663288818551784
-2.003890293044339
-1.2394820129110766
-1.2976934851918047
-0.937360936282173
-1.266538987946052
-1.521952823335725
-2.4163762149765406
-5.898148306828434
-1.5139626250856872
-1.5670066784304173
-1.1116009394440323
-1.584882823943125
-0.5835984020643005
-3.1386660886496354
-2.3085003931631736
-1.1633805488902744
-2.0771320037200223
-1.213008556758529
-1.8090894597765945
-1.2103575674076201
-1.3824363942915092
-0.8658653793315626
-1.1062249781323468
-1.2237110885553957
-1.1261239804002152
-1.668502225971646
-1.7919449103967713
-6.3405791438480215
-0.9560828987893175
-0.6701460657394575
-1.671396810951467
-34.039066556924915
-0.5198818260251116
-0.6933323340465544
-1.9777049092911334
-0.9636195104477113
-0.5040994443069615
-16.08221097059596
-6.0341607533367965
-0.456719217183076
-0.994168154687961
-1.118620823088485
-0.8271677696996776
-1.4378911574981468
-19.27891425043969
-0.48065249773871527
1.288983058513466
-1.7326769975908376
-12.303688684065659
-0.738240927473054
-2.2151011425114526
-1.0343411821293964
-1.1409411546314652
-1.2515145768451412
-4.485044267177025
-1.5763045458534715
-7.9141260634852175
-2.813718746242832
-13.533642261180436
-1.3512438105359506
-2.5991102266742105
-0.6648426577963504
-2.1210495999173755
-3.971368120427412
-2.9673400691196092
-4.333168566911596
-2.5473713800001243
-1.2910938236623153
-2.4941163866153784
-2.8427013704967306
-2.3219571112979063
-1.1151369754299625
-19.496573845293803
11.960399224056985
-6.151592027180415
-0.6131702744213642
-0.8148805767417475
-1.1941005078084455
-9.904689023870727
-1.4446349213018574
-8.44970078004964
-5.666761661520922
-7.556327677265399
-13.24749188699279
-0.9389807323173992
-0.47969800091793724
-3.8069430252530463
-0.6770748374808647
-0.8372612887876181
37.22489074565206
-5.633416645449206
-0.520240237346789
0.2714320779488338
-0.7786511296898134
-9.646162816734476
-1.9622344012865012
-4.808615867233615
-0.6011732122878266
-0.9381606317109141
-1.1539421823529827
81.60691643911578
-3.5378111852339202
-0.6881553151456818
4.650951029484506
nan
-2.7124425370882848
-2.2099297906171107
-2.9437682758059798
-0.7860632236464896
-0.2904144554094953
-2.9628170546018717
1.8133754479552866
27.59695054049182
-0.24776932601560234
-6.662275557550617
1.7483226494644966
-1.7665818557211646
4.811497829951128
-13.241411525736613
8.408173934238386
6.182120631010564
-2.5157519669340376
22.831172788906578
-3.1202236239022048
-45.34666948117537
-3.967421952223525
-0.1543286120914993
-27.178615233479018
-1.0565013957337173
-1.6085252255799525
-0.6901189683900978
11.196230422706439
-0.4678254401388012
-0.9556630411856931
-0.8658465026766206
-2.094158999017281
0.3018076651559474
-4.468154118226901
-0.6526771253989453
-15.133751116002518
-4.477243147763797
-12.812091681646782
-17.584469445356593
-4.166419902349741
-0.7494406738197033
-5.349985605173004
-0.42997627162521534
-37.01918528245957
-2.4107816115386913
-0.2965238809490671
-0.5112254355901159
-5.644293774864031
-12.537172130068313
-1.243944744959535
-2.6649271801040513
-8.612521472942799
-3.3199062625503832
-14.443622473892235
17.28546103728753
-0.9928474999004168
-9.607177056687235
-8.282833047177022
-0.9934292893554364
-3.9961506363255297
-0.9154475984067361
-10.229275275366057
-0.5157217612003024
-1.2720514988736455
-1.1482521954673344
-1.8109233279861359
-3.8853050141443464
-12.955590313911081
-1.1006042814798684
-3.2715395324025716
-1.8348744568097726
-0.8263264449772637
-1.8070882512411064
-1.056002915915211
-19.39635029599784
-1.1217256247850262
-1.2943160855814382
-0.8899631162611582
-1.0221741582589448
-1.6087780558402967
-0.8811390228424186
-3.0253861649184115
-1.0928745490690481
-0.573281824557463
-0.9536852923701403
-1.5671996739974519
-19.408888151827103
-3.551514557502019
-1.3156798561090128
-1.9333073581606965
-1.2195619922006027
-0.651312163428189
-2.559173179646191
-6.808847872550309
-1.4753708937701135
-0.7508057137934975
-0.7469994965400076
-16.71130179037744
-3.7379294637169913
-0.9466162018742702
-5.9383772124301215
-7.439352494516258
-1.122085509825184
-5.149153913267147
-19.555681732085002
-27.875285662017845
-17.622532277287455
-4.6824756727294865
-0.49479390757937486
-6.097891122640471
-0.7973839997136827
1.0414425734924686
-0.6461897996293099
-0.9847465034617976
-1.3703116637453538
-1.438587046584339
-0.513065484233608
-0.5090469440428743
-1.438718814359414
