0.02614305368452641
0.005130829671529783
nan
0.004272646857752384
nan
nan
0.03384094754652622
0.12532911502445288
0.0018643120654858074
nan
0.004673883424111125
0.030082476122017532
0.01616953760655954
0.06580954928122051
0.0010882501911456705
nan
-0.01451990387572726
0.001394791297352347
0.003294962383430712
-0.007431992594657384
0.0008021260251684609
0.000808225193821878
0.002136787541543132
-0.001597698509546451
0.0019840970902511826
0.0012218478944850794
0.002448982971035031
0.0010633995519487268
0.0021314989371445797
0.0026096453744033524
-0.008305822763313845
0.00034772397525177504
-0.0013964118813765724
0.001827939771608346
0.009780732338206399
-0.0018290897200520075
-0.012719062265311205
0.006124175426915032
0.003114387675104578
-0.006162265540666359
0.002745856341928593
-0.01539536386572005
0.005227307608901281
0.0006149213424928373
-0.0007584967767833129
0.0028534291454244682
0.004856675757328145
0.001511663694434849
0.00412521840087148
-0.00046080180067445235
0.0027623651090254936
0.0007768028655801701
0.0013876337830356178
0.0009785344408354186
-0.003507213298201148
0.005161241737013979
0.001943078128732886
0.002270701179799629
-0.006980780733857637
-0.007654751637906925
0.0040620948484641085
0.0018639741975353995
0.0017618383986602616
0.0014159287392301696
-0.08252715784273779
0.0014765938539132298
-0.005835179070997724
0.000385091692394419
-0.023944850315194506
0.002646321204955638
0.0037124852548953147
0.006128803641913816
-0.003645822109246712
0.0012013249979716714
0.016042612626146563
-0.00016619393961475083
-0.0067124911263351
-0.010845084224082096
0.0019608477200231205
0.047091698080522736
-0.008786420608748815
0.011494683707888415
0.0006086094788662399
0.004896287435982905
0.0022498155785622325
-0.004981150109594422
0.0029297967132457716
0.0007393159607591265
0.00021752855195671523
0.004391715409326946
0.009494359505735166
0.003932522369201661
-0.01102456218657547
0.001292843854142222
0.004246156609654467
0.0033884506441139036
0.0003323099772330776
0.002268724998716648
-0.00017086538563897388
0.004340166089122403
0.002197669775239128
-0.004702161984585703
-0.00024516525385587587
0.0015874517495041095
0.0019428901960925609
-0.001370938195173014
0.018628279179050543
-7.428829433032829e-05
0.0064843300520314225
0.0017479819706608067
0.002076224972863987
-0.0010658253694120915
0.00623659566918689
0.008075822799861673
0.0008832982165237288
-0.0008466315925564455
-0.0021254690320212815
-0.0008080950628426866
0.004322079262922131
0.004024179510588112
0.004241021337950189
0.0008668864582680126
0.03288849055441891
-0.001002353832840353
0.0026704780561395782
0.024509967274369104
0.003740884610741918
0.005479986015851362
-0.013688657950692665
0.012924797268438733
-0.00017456105223488672
0.020819587762612585
0.0015469115689148436
0.041983740097466526
0.006477145724516312
0.002176434371988699
0.06032652575038427
nan
0.0070860076360307845
0.01855232956049918
-0.004951429603080593
0.006042237933967894
0.0017379284416303075
0.0194809480500752
0.027365648839672296
0.034574050763778806
0.011231578058436333
0.009073158967811282
0.02699607864002851
-0.001289892866233751
0.04589453532378718
-0.000505559572385608
0.04851022565785784
0.06165149107617456
-0.00955551666234585
0.06856776243437945
0.0005786760772362712
-0.0053665780792992645
-0.0056670431582549865
0.022667678846757088
0.0
0.004070657189623322
0.0014108862815059291
0.00835099161652253
0.01721397443377043
0.005301447236590077
0.004199723750924315
0.006220639306466372
0.010922254246094793
0.02695465018569795
0.012945714350078033
0.005079033817706514
0.014268770128033069
0.005826427196499888
0.0028535755089531853
-0.009938529051106704
-0.0025786687223336123
0.012284372487156274
-0.0032670250784756424
-0.01098905189622646
0.01222798389048374
0.017076057570425202
0.0033832689123249166
-0.012031927080899871
0.005051966417250887
0.007999482814897058
-0.012851607197814023
-0.013392162517440067
-0.002306795908950918
-0.014288411919377271
0.003345610895331049
0.10631745380132165
0.0020800765442625523
0.008743845354193348
0.0020719476269743862
0.0037066677517386738
0.00019493184517748965
0.0010811934700619137
-0.00023967428321553227
0.00034723439016224526
-0.0004730136657093116
0.0014147742569763527
0.0021361865897690053
0.004020987425503257
-0.0002755116627276681
-0.008548788876461521
-0.010365568543041319
0.00133154980468196
-0.001509074536786811
0.004114302226552116
0.0017130574947339444
0.0025797745968442923
0.0015103624871406923
0.003992753078069018
0.002043786616169881
0.007618753844357354
0.002281290789028087
-0.010157859339380241
0.001737416932302227
-0.00035690987597179167
-0.0011106488881306915
0.0027528542164844527
0.003326890253879184
0.011570711834636345
2.716957390863412e-05
0.0017838026774065012
0.00382914195749594
-0.0016905338688747585
-0.009710258609905403
0.005023471138030426
0.01536059091177734
0.0005493836395946273
0.0037151838038472903
0.0037905891992903
-0.0001547529373746852
0.015999224734416433
-0.015375609196206999
0.007130441326810968
0.0036033190646841194
0.00496540770383621
-0.0032175757249803135
-6.507977984293589e-05
0.00031549624833911285
0.003471297033577625
0.010535011965674343
0.002241511070679506
-0.007904901234760137
-0.0034151050279348704
0.026308200227597008
-0.00014882554674437127
0.0029902664564135056
-0.016013680272972182
-0.000509379444000147
0.0021242341205353586
0.00014273251827147678
0.01322527792677402
