2.2952869128074602
1.6779959216600586
nan
1.1161609808296655
nan
nan
nan
4.762231257444092
1.04571275144946
nan
1.2842430474522222
nan
4.112763588069478
8.831984283187671
1.1576399754519109
nan
0.33029186686646095
2.193570249949348
1.225919290506077
0.2780447202552543
1.1105552661982294
1.0758184937515507
1.6021171872074782
0.3143165535690414
1.2527981119140126
1.191142010508566
1.1482648804574445
1.103789536345327
1.340406155840082
2.352748822582986
0.1300689988383481
1.035790124859173
0.9157278560065963
1.1926461119021996
1.59012814296069
0.8221006552695793
0.20239351659937393
1.9367009557238204
1.3625824003560738
0.36899698958195026
1.3106228445519166
0.24260450807124315
1.2322018059674889
1.0425208264201933
0.9177243507072894
2.0384825881989945
2.0404478118193614
1.1528922802302417
1.2958975395590464
0.36130554393507974
1.644048556273344
1.5853362749558546
1.1712143341928718
1.1655738338136874
0.6542630427749361
3.1788101980406607
1.9259553128259959
1.9991319234858393
0.19312915469438613
0.1443213126170705
1.7259639237715159
1.9900427963904237
1.1925906622599556
1.1304328666642807
0.0
1.0337719913027608
0.8138499231708664
1.0168557959505906
0.1561829757510879
1.051740995674083
2.7162254624672038
1.179689035435939
0.9261686531500322
1.0471713497241986
1.3909934953446654
0.9922241459373085
0.6406119697354595
0.18887139627565583
1.0427949452030192
2.057859056107669
0.09101705556266815
2.816984322882956
1.0623599031685347
1.4182922762071708
1.1552630580749634
0.226179168206983
3.1476241785584627
1.1107454681807605
1.0224486586855808
1.441523642676582
1.832100647674406
1.540047739325327
0.23375652194139046
1.1105894711335504
2.6622925803865325
6.900993637822775
1.039562814980905
4.878162093808581
0.9752227228124485
1.6087225851121065
1.16284279658009
0.6662608571301205
0.9586209561368891
1.2674442704968392
1.1362251961983991
0.755188140778946
2.809265290037553
0.543059641638842
1.5473362241504336
2.751487870114554
4.114459981864238
0.8234501621056474
1.1946267828966608
1.5004689925569792
1.0493468949328653
0.9178237773323554
0.8754023561888058
0.981750492211711
1.0899062340686798
1.3737186953689284
1.0704904796922734
1.028360743214866
12.329819881281614
0.9520332511465653
1.0559258408241357
1.821231769574421
1.1140335567499524
1.5126840678123863
0.0
2.519726285952389
0.0
3.677801463931452
1.1114650500997443
13.176047969004157
1.7329792248182723
2.625147400925939
6.4746779958678005
nan
1.3455986416789172
2.9129280596032316
0.5548133987983388
1.5524280631142597
1.2425245206176523
3.136146717002701
3.800700639238516
14.985021301341028
1.7755101458810276
3.1018818427917516
5.325587951322908
0.20857627456829694
5.238152895009997
0.4835984277166692
8.288630690358897
6.686808516401662
0.10901586573169357
nan
1.183436198855172
0.4576528833028702
0.3205663534724763
4.3939564550488495
nan
4.42606150370024
1.1621982971966196
11.988196324139443
3.1719684998376985
3.0569072235388504
1.4466977251432973
4.911693325498129
14.469619428585206
3.1679493624099195
2.856874190137177
1.547960883200545
3.97333345318019
11.976204672479385
3.746790207454224
0.17074519058586282
0.3567008443670915
1.5802158497066212
0.4405686648341684
0.5610272894680532
2.4194178659552934
2.1591233232902547
1.144193522904157
0.22818873729319003
1.2764675563607815
1.7762216943420144
0.12431810248010644
0.10869812967069893
0.6712607135008125
0.24908152057239913
1.2867565066944036
7.765581537124481
2.0085778280484528
2.126196106971549
1.3477424383596104
6.561608698677757
1.6676677520266072
1.1150320034594063
0.0
2.0047081584995023
0.45193913353577636
2.1299194555294507
3.296966566395055
1.5919415618957107
0.0
0.07072247155960314
0.22326243203577648
3.2657490899056048
0.8584288776178562
1.3057522359286073
2.2714978488350255
5.932491169674643
2.1618875598457823
1.365692351723684
2.334757411655797
1.5039691587957278
1.289008338853351
0.22167205928596842
1.245489363427131
0.9144769307478814
0.9274371285099002
1.1970469954130734
2.0469431621249323
2.983204298937216
1.0021497839298588
1.052745740018037
1.2398607510039645
0.8514461676037881
0.620353262105109
1.3389321321134577
1.6266143767727768
1.0274703948313098
7.6451210361004005
1.465066959063715
0.07180623420346005
1.638406141808141
0.5203331632622301
1.9828507125395725
7.791415883841093
1.1267458094490566
0.7684338831169226
0.0
2.4427024357938354
6.016659576900013
1.9406268699932416
1.1632632445801676
0.46158783282196464
0.5076997366584747
61.22513712480101
0.9924238668157587
1.1878383728466024
0.026361984852414956
0.9520976167008942
1.5880363232003438
1.0090414888287396
2.444081496439543
