0.03102799524034481
-7.754575428380145
0.0
-86.84725868221254
0.0
0.0
0.0298069085599991
0.6114981813106738
-98.81650820004396
0.0
-0.11483903711479114
0.018419388479924238
-0.9646167751613915
0.25301368676944097
-99.38459242231912
0.0
-99.81214103692969
-55.210640954059365
-88.21439781592815
-83.95878168649809
-94.50865221729721
-92.75616524755532
-71.72403908242615
-89.76025013321843
-94.58965616852672
-25.01782812622528
-59.76165171436199
-95.69161463022851
-72.08870835757814
-79.84245489168195
-91.32269912201097
-97.00163368998076
-82.02143440798372
-49.62531128234203
-35.20757049030777
-66.5372749750841
-94.33604038146908
-43.561271991384864
-64.1552276296239
-41.2891257013633
-16.808838073102116
-62.31275150127876
-63.81341108783866
-89.955482096348
-55.61408143852151
-88.55275184956778
-29.116011533822732
-38.66916873159023
-66.0422610275199
-39.093683617575536
-59.55009824392011
-47.03729531068191
-81.55278707511764
-72.29569749789266
-90.28426348064117
-40.26028461485693
-81.17332722298745
-80.0609423378719
-54.05235342407803
-42.451691337824684
-15.704196421786412
-88.88140459132632
-94.89630626232433
-59.26977440558156
-0.32275749971574896
-49.646304902711165
-43.260268178283866
-18.67852872947724
-29.541869020155104
-32.215278615189064
-0.6045363802103793
-1.0897839185073166
-62.51956403881608
-38.701636613203895
-17.525129132760537
-49.483182275291924
-5.261581545305409
-1.8280206504326542
-48.76883202474157
1.0463012250658268
-21.374038648170256
-2.989212022804213
-94.24694768752472
-16.463737452421867
-82.06334581519752
-87.64693919056758
-62.003931738200635
-12.478179213160297
-63.222771029051614
-7.130205315668843
-14.695476850055492
-3.05705901920586
-26.27246826349865
-38.158235977303065
-48.69562871537016
-27.764847281049253
-25.169748071696517
-22.776915357683208
-12.421704053475276
-21.017487785539902
-58.742971334784414
-29.592589302486182
-34.3947127402712
-38.89345025499567
-57.40902411969363
-3.624172332400008
-0.6985498376649958
-16.22173319169018
-36.687753002538294
-64.77339083120835
-63.950778517032056
-9.584311628453737
-16.445760240286823
-4.572724277781299
-9.487624521597809
-12.5601533279789
-2.624390180771445
-22.74307340061257
-52.55803046475064
-6.117564398871149
-33.075786096146985
-37.390302066352334
0.28823176899722963
-10.925150442034317
-74.57843265054521
1.5131202173269231
-23.972782988525605
-9.103480350811868
-0.6832050642000922
-2.6620616332653526
-4.414418422901394
-0.3148276509361153
-0.34005103567994865
0.2722974440720691
-5.0806948039695845
-7.891737983667167
4.586687072375161
0.0
-6.593324814175196
-0.13334513916001925
-5.9605417071913624
-13.598427259969673
-5.332767410835004
-0.47320331635521595
0.3002077734897853
0.22253996229512724
-9.267037651011538
-2.1566194310007747
0.3843431414841234
-13.69189478384949
0.263677958600033
-5.936802456278872
3.574825301033866
4.785504369751538
-1.514265372083446
0.25726224980008966
-18.419756887847004
-1.6687746722696375
-5.413206842325939
-0.1879915355995763
-0.21533664000000954
-7.284026981097782
-34.77428252918553
-3.1807811184058212
-0.14921869155598413
-15.058516873240285
-5.059937492494533
-10.666473582274488
-2.092375056364858
1.8135567999879074
-3.167382860778139
-19.038583283405103
-0.5889946199437872
-3.827906675436077
-4.393736369177191
-0.6153966326490717
-12.32641235201271
-3.3076011256379387
-6.982242438110984
-18.083007192253035
-1.1236708598148766
-0.5724903918847417
-7.163784433642206
-11.42539099114864
-1.7628145705760858
-3.4332345832383564
-9.566100822604392
-4.305453439103212
-9.304824450681247
-6.18717033290684
-2.9484880776667297
6.895381173761575
-83.11811001229839
-3.388676278228877
-10.352925589244888
-29.829085197405654
-17.51828917110274
-94.2176305490594
-2.9556276985170373
-17.16892107926619
-75.33798440838045
-71.9979693595679
-26.205691869216412
-25.70780352763426
-4.089643044404158
-64.35462646298348
-30.498553829029095
-54.49964086619986
-94.03903000395698
-35.808027037856796
-92.45230863174407
-4.28619225471665
-78.93094786920979
-46.62648727053595
-53.19653963333515
-52.745913698364944
-28.213092067282048
-41.9486185167673
-23.698988429013106
-52.48164678428663
-56.212713316164034
-89.13166776523849
-41.901343607833454
-2.007853528926444
-23.59186819589571
-21.950892121127403
-18.747081104475512
-81.91336989365075
-58.82641793817503
-11.98967566605039
-0.5451016288621418
-32.98424063227626
-29.730565183324632
-50.359076213549145
-5.690989072893092
-2.6660490930481044
-20.793056606940763
-5.5511687532887555
-6.912093799331376
-46.585268891713625
-4.215694134916554
-0.7195229484000606
-1.5427196446485822
-2.1799149840000154
-1.3034873311337378
-10.721549909750047
-4.630239702545282
-26.78597315934434
0.48280296293308994
-7.91030101447933
-9.615072857482266
-5.3126677248992
-7.6777944500097535
-18.55460577942754
-12.620740505632625
-6.4186464813987865
