0.04614559839546284
-50.49966044035794
nan
-10.608641702305617
nan
nan
2.7584230265861724
0.38806061590039115
-16.93867143868645
nan
-0.7285250012863707
1.967860716992916
-2.370037989736059
0.5353024142764098
-3.1005972859468335e+45
nan
-102065.62232063452
-11136.389538293632
-33.12601655581098
-14428.810340492419
-1838.063514114571
-1232621630.7131188
-348.23424821064776
-233.88386732362636
-4.4033089837300886e+36
-1734.5552124261724
-82.53936069739115
-28.021986244895363
-3022922.364339922
-319.4758448859954
-611.3768354605434
-4542.439502042785
-53.97751290077503
-752.2618775689191
-5.379656030373143
-78.09102241385023
-92.17698270581394
-14.829187091633772
-257.6080435274859
-3023.176356587913
-567.3581616653694
-137.40019882031234
-38274.187743739036
-91581.64678199527
-57.69160290649485
-20.38775439182309
-100.47549648940584
-72.91701084948195
-26.507387413069598
-74.39313022672273
-30.728892002154556
-84.4940267953463
-415.0416736615619
-62354478.64598398
-46.70954387624766
-13.262412794789986
-1025.2010478810932
-99.02311441598322
-112.992298621381
-53.27631052771696
-877.9071182695246
-70.8896491072881
-23.340332820248907
-570.5770803360952
-5.897236241570602
-2.948544705635988
-5.076005647652182
-7.505025629151485
-12.232362124131402
-1.975986773142012
-11.410280171236927
-2.7898807550265063
-3.421592254419322
-6.8141450845561895
-1.6464912480388931
-9.656525838184603
-4.970810568362471
-12.095805756182774
-2.36574763463117
0.6113117465609936
-22.759211382910085
-10.496513554529546
-29.875192673105918
-11.094994172687052
-42.40179202094383
-6.8420046338493235e+19
-61.16152106384437
-30.382972023028884
-1616.6926063270073
-27.07393327321528
-11.840682039988003
-17.61722300325141
-14.862730349841435
-13989.566090255834
-10.231839336582448
-30.613743719036247
-10971.019478792909
-45.05332683935115
-22.200648001962943
-20.64696172293177
-31.7524885494798
-46.99580790296836
-372.11049189474244
-102.18247530864336
-20.403787495333457
-56.19763589332069
1.361185092329746
-2153.3315467860384
-5.014061153284799
-35.12723413849936
-61.849076194239636
-159.1591063968163
-3.3236822707651608
-14.409767071576105
-20.587159279750946
-123.23576393645939
-10.258548583046805
-3.800861322605294
-2.7270909046697196
-10.035421415908127
-2.7058047626844064
-5.713331412020363
4.60026206263922
-19.0571467494055
-3.9272389032173174
0.2717614820810126
-3.9157432668865235
-48.57233789726367
-3.5012427337525156
-5.112348808343288
-6.22140052122182
-0.4303165009003272
-1.6428908499995138
4.039191459280185
-5.052004506952788
-4.958553027690103
0.8414492662453071
nan
-4.124170199616051
-1.0290731943362288
-11.232173845815566
-2.906806323291063
-1.9450192608523165
-0.9424719730757027
0.5689971436502677
3.6125197331851635
-1.0242531079044284
-4.617021382925012
0.6383950577310391
-15.018032861284304
0.8739902465652618
-49.59503616493292
1.2811386915601555
1.4009818392142737
-4.488132209057982
4.42704765655073
-12.832169336269637
-77.48616716462976
-12.977869907021606
-0.12630364799509897
-7.714370362336718
-7.660436940030513
-20.335221088088772
-2.9865256196350263
1.3445825009357784
-4.264953257220386
-2.2316566428737303
-4.689997311352689
-2.626374963355323
0.2574980968059554
-4.413236158784112
-4.928956537941284
-4.133705977422585
-15.688153907527083
-17.251498176902334
-10.562262896458481
-34.6502838566188
-1.291966350173262
-14.252423623755629
-3.650577244184586
-12.814629712690776
-1.1718306510259229
-1.4813300879065787
-6.127823915718954
-4.442583648542123
-8.301093905757401
-9.99310332436902
-8.149116488563394
-38.64806893659488
-12.85065866476802
-25.07438722767158
1.1917219418689402
-63.73623461500964
-11.276927564982758
-94.59910991834428
-13.764584770727996
-38.84758281330379
-59.396646997054184
-19.38675206772085
-9.593025384677258
-227.48237094665208
-76.10189446936337
-24.742952802521312
-6385.344118383104
-27.528563388987187
-48.52454277157166
-4188.767939857158
-82487656.53661992
-42.28984865460969
-19.351891372846783
-307.66334158752153
-29.769446516199192
-110.44281701742493
-18.715458595538372
-29.929587298473216
-9.32038066231293
-16.001405428268143
-18.69646438553064
-31.572088773277365
-17.943938387446483
-8.239188365892977
-42.2300113349077
-28.064456752179247
-9.288860961602982
-47.02752269190554
-4.756107799737557
-8.374828361139448
-3947.6120755014826
-9.450619354811474
-7.881975219912383
-1.874150203618529
-10.181950416376905
-9.275472062353957
-10.901402604666933
-56.2322977412586
-1.6529335945891295
-6.591592475648057
-12.911900836935324
-28.952480664366295
-5.933551312235994
-7.155861661122448
-6.88187461795068
-18.050036853155987
-14.168532321668605
-3.2055799504004656
-3.292420287276547
-9.38289676062023
-4.875265032073309
0.2806136517038201
-2.3997998156759714
-3.2936558343335016
-6.192087219494973
-3.7404653469017406
-4.909131492659838
-1.7838063788539271
-2.3897637405344563
