0.10451498963318642
-4.676403363330326
nan
-2.8628180347851186
nan
nan
inf
1.31765811565692
-2.7991263040591736
nan
-0.7644231668456167
inf
-3.5563442654208712
1.5679917521785245
-0.15607056022063415
nan
-1.4051742774684814
-1.8076106543264099
-5.32448793008495
-1.8068349167974074
-2.4136063968819506
-0.7113821750938488
-3.35860080729054
-4.179560382156173
-0.18386833564563648
-2.1410679893879636
-3.669038533902969
-6.5661469993428625
-0.9876949166960466
-3.722445937343768
-3.278517417957145
-2.056144852997386
-4.89405224703453
-2.4796517142069616
-4.562608763967015
-5.75462522713857
-5.597289876768274
-6.282106969244736
-3.470761708107555
-2.0260641970544233
-2.358999948462199
-4.3031950176869325
-1.2143493815026252
-1.311919077499935
-4.946341034570442
-8.444394537606932
-4.863018200334282
-4.8826883783872095
-5.386949903469693
-6.7272291418176025
-6.690858711878836
-6.161273710125951
-3.050708652437269
-0.8360916853089085
-6.616415362762069
-7.557148888374622
-2.875004213431471
-5.256193304016648
-5.386335385051534
-7.044143072591941
-1.531147103496378
-5.983941868252956
-6.971487413182373
-2.8615868432873737
-5.2523419993161236
-3.238664627149807
-4.838346401191473
-5.311757361148579
-7.541626908657906
-2.5595426637765737
-8.517983365989048
-2.853968629814538
-3.6635582518605667
-5.3711841724904605
-1.7893636356826248
-6.078454000876643
-5.0654385469992
-6.74669908842676
-3.0110216540313
1.5517285553249343
-9.53971532854823
-5.8882069747176
-6.988865624305713
-7.335388780727689
-5.207499669613821
-0.31909567973494196
-7.093399657279244
-8.314943753779687
-2.490082277517599
-7.393259481580006
-6.9471390671997835
-7.552436234265852
-7.834342119966983
-1.5851080541213438
-8.450330272452293
-8.365055042709136
-1.7374797097517976
-7.955124453494815
-7.488765097702035
-7.695536081494649
-5.982978736167769
-7.178990894983839
-3.6016281113011295
-5.2015188315956005
-6.436052401972873
-7.218976606112957
3.0540693989450847
-2.054585357529228
-6.162345130430572
-9.307754541942582
-7.293976468026669
-3.7872445168570685
-3.9106542224652636
-5.604237862892634
-6.889753504915622
-3.8224628819406075
-5.842968759535228
-3.985297918490373
-2.9351321436896667
-6.986586165979182
-2.663606767945907
-4.753256357362639
16.519728028900786
-5.85370520748863
-3.6039134227016403
0.5322436843704155
-4.128535628600626
-4.420923252640543
-3.386072796992407
-5.13610738620252
-5.653663490837394
-0.7978288797520837
-1.9354769870863255
10.281505055272811
-5.445633660021726
-6.813009695139741
7.854149147501912
nan
-4.126790443190394
-1.6958744648247657
-7.957147023269156
-4.069222298343444
-3.363483542405146
-1.6793472870716917
1.2661356109085864
8.731147302203702
-2.285869360326045
-5.077279363570919
1.4346118424225212
-8.80349731850004
2.852008511270718
-6.147674495752802
12.48221225806614
8.600574271431755
-4.177962757076823
inf
-4.909479431078133
-5.566370331989637
-8.266651611401157
-0.34442756207597164
-7.264738653564491
-7.621286451136496
-7.391932728854379
-3.8769069361100765
3.1311698628127695
-5.428992506522721
-4.374095126432945
-6.901019022713426
-3.9816057163217597
0.6963137209364815
-4.139840984368888
-5.426773568795549
-4.136634084531723
-9.899268661215094
-6.258032908601466
-7.990393934627266
-9.304152375865135
-1.7740508751844837
-7.3176846588716495
-3.7605696187090243
-5.737249490497617
-1.6978755247850945
-2.0129157269487044
-5.422943989748259
-4.94457974682462
-4.806365056868767
-7.595481036537712
-6.516902827964123
-5.124509313326558
-8.341927150393536
-8.23589005815838
20.5391994601559
-6.319185707897794
-6.638509636665729
-5.921739840932898
-8.59187071902915
-7.18866676245025
-5.4054635913867175
-9.380862370969298
-7.769911592093166
-4.285687042371831
-6.5675385627701885
-8.886812287395076
-1.588287255445119
-8.210243493809038
-7.681046159097734
-1.9618309607580227
-0.688922734198801
-6.311872435228353
-6.123963034574608
-3.6321414808785444
-4.193513848946713
-5.782948032947863
-6.464473303775135
-9.41354116995678
-5.353851509642605
-7.691598261491641
-8.803855322840297
-6.359959542128219
-6.3732201432129045
-6.476141987970376
-5.13601659867341
-7.256213761194553
-6.2796480849620435
-4.739189476413852
-3.543240250989686
-6.194750959620285
-2.0227250054041157
-6.909106900460623
-5.347929311140449
-2.101409400292263
-5.237928462599312
-7.723184782572404
-6.525057522926525
-2.599428260522954
-3.206526835345835
-5.648696686876587
-7.27123415245362
-8.683360575586166
-3.0652669361775375
-5.336803962418851
-5.641314858907936
-7.616533950490863
-7.176911222329895
-4.024494666146838
-4.269024162288037
-5.9716905003120315
-3.7312868522089877
1.2789529229889882
-3.8952786961315007
-4.315938779421772
-5.38662114761941
-5.396760158948266
-5.331028017057932
-2.4189762181993815
-4.056836025481556
