0.5036475959946279
2.0897832860318104
nan
0.4461280405425274
nan
nan
nan
0.6521550236191196
-2.7004708343411155
nan
0.11999700887955382
nan
2.0890236418835006
0.795946062631712
2.9657165023972083
nan
-16.879289859891703
3.2957825200132054
2.3129965043877805
-12.143774368412394
0.9274322277479048
0.16217616210937902
1.6960710641156405
-10.01303370190312
1.0383198497451975
0.9379292907337275
1.0380772432562273
1.4762484774193323
3.0552385983150607
3.5833295593235133
-28.46551237617762
0.39274167503794766
-2.200560762914933
0.7611865523534502
2.4990849933878687
-2.742086718765032
-16.56616502887959
2.968171154930891
2.5830762264761415
-7.481885774098006
1.3347718603976666
-14.351684478134919
2.405688950870301
1.3525664418885293
-0.3632586913324928
2.945495066779753
2.6088266998840224
0.8078613784391513
1.9570690603472116
-1.8780726612796885
1.7296854626309193
1.3707584657838296
1.899087969741768
1.2839925180076748
-2.3558046278644573
2.857007593928003
3.2695748959881787
2.765030252292035
-16.013922902454446
-15.680811529827702
2.529941567950735
1.7232681673068453
1.422764524518886
0.9151105092978389
nan
0.07795365565424876
-1.2616787772036069
0.025909223405879686
-8.60700553717535
0.2063064540070768
0.9152218263706388
0.21982022434475657
-0.44452785118326144
0.2819950679240684
1.9669207123929027
-0.19061762449227068
-1.1599035382559022
-3.00577425660796
0.22135888468461168
0.7916436715444005
-11.192861882673371
1.6161926939343747
0.6245523687847311
1.415836530860779
1.190887978538884
-26.993321396131687
4.226331480282827
0.48998275099682626
-0.7877567492324886
1.221217530136794
3.0967562854774244
0.7418484863559469
-7.77070118417213
0.8646732172208248
2.6347083746120554
2.3675049403224495
0.23920284449479595
2.954378034039025
-0.11838343405015928
1.8892757991701943
0.9466911022777905
-2.245180121062274
-0.73725559617101
1.7497825022811566
1.011133038399645
-0.6435788879341293
1.3497690949177865
-0.6942530400771725
2.2687021043620237
3.2406872748138618
4.065812874732952
-0.7776157737362784
0.8649823864587879
1.1099134722383117
0.2467646449010021
-0.3471192507233551
-0.2235089620460816
-0.015937897544582472
0.5145475063897634
1.048164759140525
0.3825268330045935
-0.194549387815928
2.027829509642621
-0.3320439488326721
0.3924158281242251
2.483178258415715
0.4707597381554204
1.658170386920528
-8.294223289786947
1.9478069651166778
-2.62488161995099
1.6755079758779943
0.0812998169659349
1.9361541533928757
1.0561235814265977
0.6191016919996432
1.0784231317425632
nan
0.7686811753005252
0.8236393019704373
-1.3849674723543948
1.1264764305044357
0.2502704029699471
1.4813332217362056
2.1624592957652746
1.8944639925124496
1.5224638371881538
0.9706983654288246
2.402668491892414
-2.1958420984347184
0.7595018253828723
-1.1545965960453612
1.818283602190204
1.9971530872842644
-2.918022543831062
11.531066676662926
0.3126826115744523
-1.455437063054259
-3.6456495255813812
1.6978749950880179
nan
1.7993910345311481
0.8311952926048055
2.0006776132166224
0.8143647358682099
1.940357512200237
0.4934532061771358
1.718339702867305
1.4318019609896333
4.003051695443081
2.4448899769917807
1.6239071134483374
1.5372287897854437
1.218015166306195
0.8992383361897704
-2.1876021279149973
-2.3326184367919347
1.1816407580886277
-1.780510713390972
-1.7181445845333871
1.6032237295212255
1.1206129761892518
0.39484382049276856
-4.6361679589236
0.4366582458482822
1.4391581492887218
-8.097544499675436
-5.970940822970698
-1.4589614489268554
-3.2031198478882414
0.5657728751984658
1.5447084201499852
2.588364626475271
1.7652443433920542
1.2014935578506698
2.8529117445792234
0.7729925992181687
1.239074526111906
-1.991491540425233
0.6973671546477985
-3.177983865371306
2.2768076121649456
1.9528031456330874
3.0058569581770134
-1.5131734379904849
-21.507763773213682
-12.978745816401963
5.41929394496442
-3.1442341065910533
1.5811571563171904
4.713945090070363
2.0491091710600053
3.4417499839439993
2.0868962880277455
2.9287467320477663
3.2772460118267195
1.2944198793215125
-9.339451531309749
1.1914531001649196
-0.09977312471911727
-0.798915586904647
2.4991933639801838
2.1762838502568425
1.831456284668408
-0.030893911060968032
0.22501218944967544
0.8893764229280414
-1.8980164581536862
-1.9139423236927082
0.8923241009361251
0.5838512493990043
0.36570488931042594
2.0723069027704986
3.0739095561241294
-2.0175866829288704
1.0054318513659302
-3.102097003518522
1.7741956020877976
1.6378788663742394
1.080774254397578
-0.6656761696417154
-13.108961425340324
0.5686379424109318
0.8262806046631228
0.9051789144335918
0.46446594143318237
-1.902494336492564
-1.1076369338107448
1.4274260049419585
-0.022828302759441917
0.5127322150329137
-15.622305050151843
-0.0937133007765353
0.8376411378985675
0.004760646039094087
2.9240986244556813
