20.0
37.68844221105528
nan
30.292652552926526
nan
nan
100.0
50.0
33.31797235023041
nan
50.0
100.0
59.523809523809526
50.0
40.88461538461539
nan
14.379682075644071
8.374384236453201
15.233561440047605
9.326923076923077
18.848711554447213
33.37727392565252
5.276381909547738
1.5629788538155072
38.590385033717645
29.04761904761905
16.55820679681851
7.3138297872340425
36.30379746835443
6.335356600910471
4.760000000000001
24.12459283387622
21.003134796238246
15.0
13.263157894736842
20.985010706638114
5.275407292474787
6.741573033707865
22.896039603960396
14.90066225165563
40.27303754266212
9.378806333739343
31.091954022988507
23.743787962451684
10.286225402504472
3.6720044174489237
7.907742998352553
14.265734265734265
13.175675675675674
0.43415340086830684
5.625
3.4482758620689653
14.157851912123679
32.13149522799576
3.6161833154314356
4.475982532751091
5.19237952932387
3.872699386503067
6.15199034981906
3.6458333333333335
32.15547703180212
3.7037037037037033
7.624234172906739
24.332570556826848
0.0
20.914396887159533
17.5
22.02797202797203
5.809128630705394
22.64808362369338
40.0
40.0
20.97053726169844
22.89325842696629
24.017467248908297
21.898597626752967
18.96551724137931
16.666666666666664
22.594142259414227
33.33333333333333
3.3057851239669422
29.11392405063291
9.606769537083126
17.096774193548388
14.839209608678807
16.00166251039069
4.689480354879595
24.33862433862434
29.15472779369627
32.25806451612903
25.139664804469277
19.607843137254903
7.665505226480835
25.143678160919542
3.896103896103896
3.35195530726257
33.74083129584352
4.962779156327544
20.441988950276244
20.759493670886076
17.228464419475657
12.655086848635236
25.951557093425603
29.573590096286107
10.24428684003152
29.166666666666668
30.23255813953488
0.4016064257028112
11.045828437132785
3.1269543464665412
3.696741854636591
23.308270676691727
33.43653250773993
39.58333333333333
35.57046979865772
41.62162162162162
40.0
24.92753623188406
29.180064308681676
46.22641509433962
32.6530612244898
31.075110456553755
72.72727272727273
33.98692810457516
33.07123034227567
38.265306122448976
31.919642857142854
45.348837209302324
0.0
23.170731707317074
0.0
21.875
20.0
80.0
11.11111111111111
0.7874015748031495
6.976744186046512
nan
15.151515151515152
25.0
11.428571428571429
10.112359550561797
4.938271604938271
17.647058823529413
36.666666666666664
57.14285714285714
9.75609756097561
6.122448979591836
34.0
1.0101010101010102
25.0
2.3529411764705883
25.49019607843137
19.047619047619047
6.666666666666667
100.0
5.423728813559322
26.31578947368421
12.903225806451612
27.906976744186046
0.0
5.46875
9.791332263242374
11.428571428571429
50.0
4.72972972972973
7.0588235294117645
4.225352112676056
5.555555555555555
21.153846153846153
26.31578947368421
9.809264305177113
50.0
4.10958904109589
2.7777777777777777
16.666666666666664
5.9171597633136095
21.052631578947366
7.6923076923076925
8.51063829787234
43.75
33.33333333333333
17.796610169491526
9.90990990990991
25.806451612903224
37.5
7.777777777777778
7.6923076923076925
21.951219512195124
3.6363636363636362
22.916666666666664
21.21212121212121
3.5478260869565217
25.675675675675674
31.515151515151512
4.576271186440678
2.536231884057971
11.040547142159257
0.0
1.090909090909091
1.054746358613762
3.5233160621761654
2.330508474576271
40.08016032064128
0.0
2.5787965616045847
12.250712250712251
9.151973131821999
11.904761904761903
20.303867403314918
4.75229769110065
13.043478260869565
4.438860971524288
15.310077519379844
4.67687074829932
16.022099447513813
14.342629482071715
4.9523809523809526
21.5
3.7178265014299336
8.170844939647168
16.001174398120963
4.565701559020044
31.48148148148148
32.6530612244898
20.0
18.991097922848667
22.11101000909918
15.661252900232018
9.95475113122172
36.84210526315789
16.896551724137932
1.870748299319728
11.491228070175438
1.2195121951219512
28.000000000000004
15.979381443298967
18.91891891891892
5.88235294117647
29.122468659594986
13.461538461538462
0.0
4.545454545454546
2.7777777777777777
15.625
12.280701754385964
8.16326530612245
4.102564102564102
4.285714285714286
8.035714285714286
10.828025477707007
6.666666666666667
3.7383177570093453
2.2364217252396164
11.29032258064516
24.22680412371134
