dataspan: 99900
'bbands_chwin_out': 1
BB-win: 2-50:

21.145777106158736     (2)
-15.974976850626854
-5.813876396589261
-1.4103196201462525    (5)
-12.82951224703959
-1.354470113891129
-5.433217514551629
0.7002883212342117
1.1947742050821133     (10)
-0.16456588227245295
6.650576706094837
4.778784070620065
4.825850258967053
-2.6687098885993508    (15)
-6.496221880024487
2.1042988444340276
1.3000947056682772
6.467755196815375
2.4052905709016295     (20)
3.7262040209413576
6.6393550281768245
10.654861112926005
11.144207082875873
10.415954757283988     (25)
14.941157891906192
12.723149630005777
10.917040457477505
4.741248501340181
3.0098159535026783     (30)
3.6709556977833726
6.176138105989429
7.99573458733034
2.006653858973812
5.940199628943122      (35)
3.980302560067138
6.8695821622740905
8.967272925966352
7.107633756438239
4.767704621369827      (40)
4.163173697790189
4.416149951938956
4.788693275389114
5.46497930257153
9.268185537829291      (45)
11.343593460959479
14.324817330811781
16.99518370549415
21.115083361584176
21.909619382666328     (50)
-----------------------------------
Optimization Loop ID:  "B"
18.474293675460277     (51)
17.874322141315748
19.03770329890971
23.61265181895228
23.039473243541075
19.94583423568283
22.107087005500592
26.569221497249497
27.49594419106276
31.37932699968501      (60)
32.803774735000125
32.59806835757701
32.24109799828728
31.739843527702305
33.89709788145855
31.3512585812208
31.567971402944842
35.584036744934984
34.603992421714075
34.9970969206703       (70)
39.57571523589301
35.93555896558903
35.507225768596705
35.50717868107668
34.14776542889409
33.06334417436397
30.589988653507945
33.312501151535294
35.999442152362164
37.71792293683741      (80)
-----------------------------------
35.00894987132417      (81)
34.91508530353758
32.82995109728823
34.80626220546654
35.22981980305
33.35145863142303
33.17904820465006
31.10513344015212
33.47574716842108
34.78952634347422      (90)
35.3798007195377
35.50457090403364
33.83541767634911
34.086012060679366
34.7624279541847
37.03888032253331
40.580606981593526
41.82300334329372
43.13557290744284
41.75099314263175      (100)
41.751392797049114
39.56347686859628
38.461698519296974
38.885986137501384
38.65435818816072
41.83925948647981
42.42623307723428
42.59750758751975
43.15224096675636
45.03192293195201      (110)
43.44645417256667
43.36027016482894
44.280921209039974
44.18967725338991
44.71178851850198
45.30843209704755     (116) = best!
41.6385249272747
39.82747576530374
39.13946823875608
40.595960679469655     (120)
-----------------------------------
Optimization Loop ID:  "D"
40.89019727790896     (121)
39.457912268806545
38.40037341636223
40.68720128353202
39.90084393096905
40.886823352538904
40.335657029530445
38.39376290502726
39.83748071979221
35.44198494544196     (130)
33.13671172457374
32.94841076619591
30.912245787673797
29.90593319169341
31.26779949013337
33.04391277117033
33.08716050464383
31.55681318201291
32.69453921789721
32.80377681225457     (140)
33.67892007615194
33.55661347697026
35.628441369028145
36.022606507484554
32.91382867142683
32.4188952500248
31.346550376145213
32.5327043971919
33.77563496578308
34.63609170212001     (150)
35.1289098877926
36.119717818520016
35.596627762314135
35.921353752138415
34.53619853722612
33.68730179500328
31.66336609988838
32.705497618066
32.90713813054392
36.4142347819523     (160)
-----------------------------------
